0 1
0 2
0 3
0 4
1 2
1 3
1 4
1 9
1 11
1 22
1 25
1 26
1 27
1 45
2 3
2 4
2 7
2 10
2 15
2 17
2 41
2 43
2 47
2 48
2 49
2 50
3 4
3 14
3 38
4 6
4 18
4 19
4 24
4 26
4 36
4 43
4 53
4 57
5 8
5 13
5 15
5 18
5 20
5 21
5 27
5 29
5 35
5 45
6 9
6 12
6 23
6 31
6 51
6 56
7 8
7 9
7 10
7 13
7 14
7 15
7 39
8 9
8 10
8 14
8 15
8 24
8 44
9 10
9 14
9 17
10 12
10 16
10 17
10 18
10 28
10 29
10 30
10 32
10 41
10 42
11 19
11 20
11 22
11 39
11 53
12 13
12 17
12 19
12 22
12 30
12 37
13 20
13 32
13 33
14 27
14 33
14 36
15 23
16 21
16 27
17 18
17 19
18 40
18 56
19 30
20 22
20 32
20 48
21 31
22 42
22 52
23 29
23 32
23 47
23 55
23 59
24 27
24 50
25 26
25 27
25 34
25 44
25 51
26 30
26 54
26 59
27 29
27 38
28 36
29 32
29 34
30 55
31 33
31 37
31 40
31 43
32 37
33 46
34 58
35 49
36 37
40 43
41 47
41 52
42 54
45 46
57 58
