0 1
0 2
0 3
0 4
0 11
0 56
0 111
1 2
1 5
1 8
1 12
1 13
1 15
1 16
1 17
1 20
1 31
1 68
1 69
1 79
1 83
1 101
2 3
2 4
2 7
2 8
2 13
2 34
2 38
2 39
2 42
2 45
2 51
2 56
2 63
2 85
2 99
2 136
2 147
3 7
3 11
3 12
3 15
3 21
3 25
3 41
3 44
3 62
3 63
3 75
3 77
3 80
3 98
4 8
4 9
4 10
4 23
4 24
4 25
4 26
4 31
4 36
4 56
4 57
4 80
4 112
4 118
5 13
5 19
5 21
5 31
5 38
5 63
6 8
6 26
6 29
6 65
6 79
6 87
6 90
6 111
6 145
7 19
7 21
7 22
7 25
7 32
7 37
7 43
7 130
8 9
8 10
8 12
8 13
8 15
8 16
8 17
8 18
8 38
8 39
8 47
8 62
8 70
8 81
8 136
9 14
9 18
9 65
9 81
10 16
10 23
10 47
10 54
10 59
10 68
10 75
10 85
10 138
11 12
11 22
11 39
11 43
11 45
11 115
11 121
11 123
12 13
12 14
12 16
12 33
12 35
12 63
12 72
12 99
13 16
13 32
13 57
13 86
13 108
13 148
14 15
14 22
14 23
14 35
14 41
14 48
14 56
14 57
14 77
14 116
15 21
15 29
15 47
15 51
16 29
16 49
17 22
17 105
17 108
17 124
18 77
18 80
18 97
18 117
18 146
18 149
19 24
19 25
19 34
19 53
20 22
20 31
20 56
20 85
20 130
20 131
21 29
21 31
21 39
21 95
21 110
22 23
22 28
22 33
22 38
22 42
22 43
22 45
22 47
22 78
22 113
22 118
23 30
23 34
23 67
24 39
24 46
24 48
24 49
24 55
24 60
24 70
24 77
24 78
24 86
24 147
25 33
25 64
25 98
26 76
26 77
26 89
26 127
27 47
27 71
27 86
27 113
28 39
28 42
28 45
28 78
28 100
29 63
29 70
29 103
29 122
30 31
30 34
30 43
30 46
30 70
30 93
30 142
31 59
31 73
31 76
31 135
32 85
32 144
33 39
33 47
33 58
33 84
33 97
33 131
33 133
33 145
34 51
34 74
34 80
34 89
35 43
35 45
35 46
35 59
35 86
36 44
36 63
36 84
36 103
36 107
36 124
37 89
38 52
38 110
39 42
39 49
39 58
39 63
39 66
40 48
40 50
40 72
40 78
40 82
41 61
41 66
41 85
41 106
41 108
41 123
44 50
44 51
44 143
45 57
45 62
45 75
45 87
45 93
45 94
45 123
46 57
46 114
46 127
46 141
47 58
47 66
47 101
47 134
48 63
48 93
48 94
48 114
49 71
49 129
50 55
50 65
50 108
50 114
50 117
50 128
51 68
51 116
51 132
52 129
52 132
53 66
53 81
53 84
53 87
54 64
54 139
55 70
55 88
56 58
56 126
57 73
57 80
57 143
58 109
59 116
60 102
61 67
61 81
61 85
61 146
62 79
62 96
63 102
65 84
66 70
66 77
66 86
66 88
66 114
66 120
66 121
66 136
67 81
67 96
67 126
68 73
68 87
68 125
69 93
70 135
70 149
71 86
71 98
72 102
72 120
72 134
73 83
73 94
73 102
73 119
74 82
74 91
74 93
74 127
75 93
76 92
78 140
79 104
80 83
80 98
80 146
83 109
84 102
85 103
89 92
90 107
91 106
91 119
91 128
93 102
93 112
94 108
95 109
96 112
98 136
98 140
100 137
102 125
102 142
102 146
103 123
103 141
104 119
104 137
105 144
106 115
106 122
108 115
109 116
111 129
111 133
111 139
112 148
128 138
138 140
