0 1
0 2
0 3
0 4
1 3
1 5
1 22
1 26
1 40
2 8
2 11
2 13
2 14
2 17
2 20
2 22
2 23
2 39
2 73
3 5
3 7
3 11
3 12
3 22
3 24
3 27
3 42
3 49
3 68
3 74
3 79
4 6
4 8
4 17
4 18
4 23
4 29
4 33
4 51
4 70
4 78
4 86
5 6
5 11
5 12
5 21
5 25
6 10
6 11
6 16
6 19
6 20
6 38
6 58
6 65
6 76
7 14
7 15
7 23
7 24
7 25
7 29
7 31
7 32
7 35
7 44
7 51
7 52
7 58
7 72
7 87
8 11
8 17
8 20
8 22
8 28
8 36
8 38
8 43
8 54
8 75
8 76
9 10
9 18
9 23
9 32
9 79
9 87
9 90
10 20
10 22
10 26
10 28
10 47
10 69
10 73
10 78
10 91
11 25
11 28
11 29
11 31
11 35
11 57
12 14
12 15
12 22
12 29
12 36
12 42
12 47
13 15
13 18
13 28
13 37
13 64
13 66
13 85
14 15
14 23
14 25
14 33
14 38
14 48
14 75
15 28
15 36
15 49
15 51
15 63
15 74
16 26
16 31
16 43
16 44
16 66
16 73
16 99
17 33
17 51
17 53
17 57
17 65
17 71
17 85
18 22
18 30
18 33
18 59
18 61
18 69
18 77
19 46
19 48
19 68
19 82
20 23
20 24
20 27
20 30
20 34
20 44
21 26
21 30
21 53
21 62
21 81
21 93
22 24
22 25
22 60
22 62
23 38
23 40
23 44
23 83
24 40
24 63
25 27
25 33
26 27
26 28
26 49
27 28
27 34
27 44
27 58
27 59
27 66
27 73
28 29
28 31
29 45
29 75
30 46
30 62
30 87
31 39
31 40
31 45
31 77
31 94
32 42
32 62
33 35
33 37
33 55
34 42
34 43
34 67
34 74
35 45
35 52
35 64
35 80
35 93
36 51
36 70
36 78
37 43
38 49
38 90
38 94
39 40
39 46
39 47
39 54
39 61
40 50
40 92
41 42
41 46
41 59
41 60
42 68
44 62
44 88
44 96
45 52
45 62
46 71
46 72
47 77
48 63
48 83
48 99
49 51
49 78
50 59
51 53
52 60
53 60
53 86
55 80
56 66
56 73
56 84
56 97
57 77
57 82
57 88
57 91
60 67
60 98
61 68
61 69
62 70
66 71
66 77
71 75
72 92
73 95
74 98
75 81
75 89
80 84
89 95
96 97
