0 1
0 2
0 3
0 20
0 51
0 71
0 78
0 105
0 113
0 119
0 144
1 2
1 3
1 11
1 13
1 17
1 21
1 23
1 26
1 44
1 89
1 117
2 3
2 5
2 7
2 8
2 9
2 11
2 53
2 81
2 142
2 167
2 195
3 4
3 10
3 27
3 28
3 35
3 61
3 93
4 21
4 27
4 28
4 42
4 49
4 52
4 56
4 59
4 68
4 75
4 77
4 78
4 83
4 89
4 101
4 184
5 21
5 25
5 34
5 35
5 37
5 38
5 39
5 49
5 57
5 63
5 75
5 80
5 95
5 112
5 119
5 120
5 122
5 129
6 8
6 13
6 16
6 21
6 22
6 63
6 167
7 13
7 21
7 32
7 38
7 75
7 86
7 93
7 101
7 116
8 14
8 22
8 24
8 27
8 30
8 32
8 46
8 60
8 63
8 76
8 87
8 89
8 121
8 146
8 153
8 179
9 11
9 12
9 13
9 19
9 23
9 27
9 44
9 70
9 77
9 101
9 117
9 130
9 181
10 12
10 15
10 16
10 17
10 30
10 33
10 38
10 61
10 95
10 112
10 113
10 117
11 15
11 16
11 19
11 25
11 28
11 29
11 80
11 86
11 129
12 16
12 22
12 33
12 58
12 90
12 162
12 175
13 15
13 17
13 19
13 21
13 23
13 24
13 32
13 35
13 46
13 139
14 22
14 42
14 65
14 76
14 114
14 119
14 125
14 132
14 186
15 16
15 29
15 53
16 18
16 20
16 21
16 22
16 43
16 63
16 67
16 97
16 149
17 25
17 49
17 61
17 136
18 24
18 37
18 57
18 60
18 68
18 98
19 24
19 26
19 35
19 103
19 151
19 159
19 173
20 32
20 35
20 42
20 49
20 56
20 62
20 79
20 101
20 124
20 135
21 25
21 29
21 142
22 24
22 67
22 93
22 95
22 106
22 116
22 137
22 146
23 24
23 25
23 26
23 30
23 31
23 37
23 74
23 78
23 89
23 90
23 93
23 131
23 160
24 49
24 134
24 145
24 161
24 170
25 34
25 37
25 38
25 57
25 63
25 78
25 82
25 83
25 120
26 49
26 92
26 105
26 117
26 142
26 155
27 38
27 42
27 69
27 83
28 42
28 74
28 195
29 32
29 35
29 36
29 51
29 67
29 94
29 123
29 135
29 188
30 37
30 66
30 128
31 54
31 126
31 199
32 44
32 48
32 62
32 86
32 87
32 94
32 164
33 43
33 44
33 56
33 58
33 67
33 76
33 93
33 126
33 139
34 49
34 51
34 55
34 60
34 85
34 93
34 129
34 133
34 135
34 146
34 148
34 177
35 44
35 57
35 68
35 76
35 187
36 94
36 96
36 99
36 113
36 138
37 56
37 189
38 50
38 54
38 101
38 104
39 42
39 44
39 79
39 149
40 72
40 111
40 123
40 153
41 51
41 55
41 56
41 65
41 80
41 83
41 98
41 123
41 126
42 44
42 50
42 113
42 118
42 146
43 109
44 52
44 61
44 64
44 67
44 88
44 89
44 191
45 50
45 62
45 71
45 137
45 150
46 61
46 103
46 122
46 138
47 63
47 72
47 85
47 118
48 52
48 55
49 53
49 56
49 99
49 113
49 171
50 59
50 62
50 74
50 115
50 120
51 57
51 63
51 100
51 104
52 75
52 93
52 137
52 155
52 197
53 63
54 56
54 88
55 56
55 61
55 97
55 114
55 125
56 116
56 134
57 61
57 64
57 71
57 72
57 158
57 170
57 173
57 185
58 66
58 99
59 69
59 108
60 87
60 122
60 172
61 79
61 83
61 99
61 152
61 155
61 159
63 186
63 194
64 169
65 72
65 115
66 74
66 92
66 101
66 165
66 191
66 192
67 77
67 78
67 180
67 183
68 81
68 90
69 82
69 87
70 156
70 185
70 190
70 194
71 160
72 74
72 112
72 127
72 156
72 159
72 181
72 193
73 74
73 81
73 124
73 178
74 103
74 189
75 77
75 112
75 130
76 86
76 92
76 146
76 196
77 91
77 122
77 131
77 177
78 129
79 172
80 145
81 106
81 166
82 109
83 96
83 98
83 156
84 108
84 153
85 114
85 117
87 91
87 98
88 110
90 155
90 190
91 146
91 157
92 104
93 96
93 102
93 104
93 151
94 150
94 159
95 148
96 156
96 181
97 136
98 141
98 142
99 134
99 137
99 187
100 157
102 198
103 154
103 181
104 165
105 111
106 128
106 131
106 171
107 113
107 166
107 184
108 116
108 154
108 162
109 121
110 129
110 193
114 125
114 153
115 179
116 119
117 143
117 177
119 128
119 146
120 168
122 140
123 153
125 128
125 135
125 183
126 142
126 182
127 174
127 197
128 161
131 141
132 143
132 163
133 163
134 182
140 164
141 154
142 147
142 177
144 185
145 175
146 179
147 192
149 174
151 165
152 154
153 160
157 171
157 176
158 178
160 179
161 188
166 176
168 169
171 185
180 196
198 199
