0 1
0 2
0 3
0 4
1 2
1 3
1 4
1 6
1 14
1 23
1 26
1 44
2 9
2 10
2 14
2 20
2 32
2 50
2 78
3 4
3 5
3 10
3 19
3 43
3 61
4 6
4 7
4 10
4 15
4 17
4 24
4 44
4 49
4 59
4 60
5 9
5 12
5 13
5 14
5 18
5 26
5 30
5 60
5 74
6 11
6 23
6 30
6 48
6 76
7 12
7 34
7 39
7 42
7 47
7 57
8 10
8 14
8 28
8 39
8 79
9 10
9 14
9 65
9 72
9 76
10 17
10 19
10 20
10 23
10 27
10 36
10 38
11 13
11 30
11 32
12 13
12 14
12 17
12 22
12 38
12 47
12 55
13 16
13 41
13 47
13 58
13 59
13 67
13 73
14 19
14 21
14 27
15 34
15 36
15 39
15 44
15 45
16 20
16 29
16 36
17 27
17 44
17 46
17 53
17 63
17 77
18 28
18 35
18 55
18 64
19 25
19 43
19 48
19 60
19 64
20 39
20 41
21 32
21 41
21 57
21 66
21 74
22 24
22 26
22 42
22 71
22 72
22 75
23 26
23 45
23 60
24 35
24 36
24 66
24 72
25 31
26 34
26 42
26 49
26 67
27 46
27 49
28 31
28 33
28 37
28 39
28 56
28 69
29 40
30 56
31 41
31 59
31 79
32 43
33 35
33 40
33 54
34 69
35 40
35 53
36 39
36 51
36 70
37 58
38 65
39 50
40 68
42 53
42 57
42 62
43 52
43 54
44 46
44 52
46 47
46 61
46 62
46 75
47 65
51 64
53 58
53 73
55 70
57 63
59 69
60 71
68 77
71 78
