0 1
0 2
0 3
0 4
1 2
1 10
1 19
1 21
1 26
1 35
1 49
1 54
1 86
2 4
2 7
2 21
2 22
2 23
2 32
2 38
2 40
2 46
2 70
3 6
3 10
3 12
3 14
3 16
3 18
3 24
3 27
3 31
3 38
3 41
3 45
3 72
4 22
4 34
4 62
4 64
5 7
5 8
5 10
5 12
5 16
5 21
5 22
5 28
5 31
5 32
5 34
5 55
5 65
5 66
6 17
6 18
6 31
6 34
6 37
6 38
6 44
6 47
7 17
7 52
7 59
8 9
8 11
8 15
9 12
9 21
9 48
9 56
9 80
10 15
10 47
10 56
11 12
11 29
11 40
12 20
12 33
12 44
12 49
12 52
13 19
13 27
13 34
13 47
13 53
13 55
13 68
13 75
13 87
14 17
14 19
14 49
14 63
14 77
14 85
15 49
16 20
16 28
16 32
16 67
16 70
17 21
17 38
17 45
18 21
18 22
18 25
18 43
18 55
18 87
19 21
19 22
19 32
19 33
19 43
19 50
20 21
20 43
21 23
21 42
21 51
21 57
21 65
21 89
22 24
22 32
22 33
22 35
23 33
23 46
23 53
23 61
24 26
24 48
24 60
24 69
24 75
25 27
25 34
25 44
26 53
28 31
28 35
28 40
29 47
29 84
30 39
30 54
31 50
31 60
31 88
32 37
32 56
32 74
33 43
33 85
34 61
36 59
36 83
37 55
37 69
39 45
40 66
41 51
41 60
41 62
42 43
42 53
42 67
42 68
43 45
44 49
46 76
46 80
47 48
47 50
47 63
47 82
48 82
48 89
49 56
50 58
50 79
50 82
53 78
54 78
54 79
55 58
55 79
56 57
56 71
57 66
60 79
63 86
64 76
64 81
65 72
66 73
66 81
71 73
74 88
77 84
82 83
