0 1
0 2
0 3
0 4
1 2
1 3
1 4
1 9
1 10
1 19
1 26
1 30
1 33
1 34
1 44
1 46
1 49
1 61
2 3
2 5
2 10
2 11
2 17
2 20
2 21
2 23
2 32
2 33
2 54
2 56
3 4
3 5
3 12
3 45
4 5
4 6
4 9
4 14
4 16
4 27
4 31
4 32
4 35
4 48
4 51
4 59
5 6
5 20
5 31
5 54
6 14
6 17
6 18
6 20
6 48
6 69
7 8
7 16
7 18
7 19
7 36
7 54
8 9
8 15
8 22
8 23
8 31
8 32
9 11
9 13
9 16
9 28
9 33
9 40
9 42
9 63
10 20
10 24
10 54
11 14
11 16
11 18
11 20
11 32
11 33
11 39
12 13
12 15
12 18
12 23
12 26
12 30
12 36
12 56
12 65
13 28
13 41
14 25
14 28
14 57
15 22
15 24
15 27
15 45
15 46
16 24
16 37
16 40
16 66
17 18
17 31
17 33
17 42
18 22
18 26
19 25
19 30
19 67
20 34
21 26
21 27
21 43
21 64
21 66
22 26
23 26
23 31
23 32
23 41
24 25
24 34
24 36
24 45
24 64
25 32
25 35
25 37
26 27
26 44
26 50
27 47
27 50
28 31
28 40
28 55
28 58
29 33
29 60
29 63
30 31
30 41
30 55
31 57
32 37
32 40
32 62
33 36
33 47
34 53
35 53
35 68
36 40
36 52
37 49
37 52
38 65
38 67
39 48
43 55
43 62
44 59
44 60
45 55
50 51
58 68
61 69
