0 1
0 2
0 3
0 4
1 4
1 5
1 6
1 8
1 11
1 15
1 21
1 22
1 28
1 33
1 44
2 3
2 5
2 8
2 12
2 15
2 22
2 35
3 4
3 9
3 12
3 16
3 18
3 24
3 31
3 33
3 41
4 6
4 8
4 9
4 12
4 14
4 15
4 29
4 46
5 6
5 9
5 11
5 13
5 22
5 24
5 28
6 9
6 12
6 28
6 30
6 35
6 37
7 10
7 15
7 18
7 31
7 32
8 11
8 12
8 13
8 15
8 16
8 17
8 18
8 36
9 10
9 11
9 12
9 15
9 17
9 23
9 25
10 17
10 21
10 36
11 22
11 24
11 25
11 30
12 13
12 19
12 20
13 22
13 26
13 32
13 39
13 46
14 29
14 38
15 16
15 17
15 18
15 25
15 29
15 31
15 49
16 22
16 24
16 34
17 31
17 43
17 45
17 48
18 19
18 20
18 24
18 26
18 32
19 22
19 32
19 42
19 43
20 21
20 22
20 39
20 40
21 24
22 32
23 47
24 40
25 27
26 34
27 34
27 37
27 40
27 41
27 49
28 42
29 33
32 33
32 34
32 48
33 38
33 45
34 40
44 47
