40 23
25 17
11 55
51 2
24 34
25 2
52 2
8 12
3 30
50 3
0 12
39 13
26 47
57 38
27 3
0 23
17 12
18 32
49 17
24 23
24 33
3 41
4 14
53 2
3 1
25 23
56 52
6 16
23 57
11 8
26 9
33 23
10 26
13 27
33 38
10 14
42 13
13 2
10 9
33 51
6 17
20 3
7 16
48 31
17 41
22 28
46 15
49 2
4 52
22 3
4 31
45 15
4 28
44 15
0 4
21 43
9 44
35 14
10 16
25 47
35 37
19 8
0 6
9 3
4 2
22 30
3 29
17 29
46 45
27 12
1 31
9 15
8 1
53 54
37 15
24 40
56 2
8 43
6 14
2 32
45 44
54 1
23 47
7 2
36 3
20 55
21 12
19 12
39 36
42 34
2 1
0 2
50 9
35 44
0 3
51 38
4 48
19 31
0 9
3 18
