16 132
11 55
22 16
6 96
182 95
13 191
52 142
52 79
192 0
247 0
25 258
9 25
105 64
230 138
89 32
104 27
233 41
11 129
14 181
1 33
49 155
99 44
126 235
2 68
170 28
9 80
215 191
76 19
2 39
64 3
164 46
54 7
47 54
198 206
52 179
2 87
123 141
107 162
239 0
48 169
174 191
124 157
200 155
14 19
226 142
8 37
234 225
186 172
147 202
237 126
13 233
74 35
10 144
51 44
21 84
138 39
3 117
246 37
14 222
7 213
138 78
42 37
8 108
4 98
61 257
111 35
10 4
128 160
118 19
20 206
249 1
7 35
8 1
16 33
58 88
51 153
51 24
49 131
77 85
72 176
53 44
47 154
9 150
22 132
176 118
148 47
58 24
110 238
7 248
110 115
104 33
145 30
26 35
3 33
73 196
13 231
8 61
7 208
14 25
92 20
19 28
183 213
121 208
11 199
7 194
135 85
63 58
185 100
45 31
89 219
55 65
243 28
173 25
120 142
67 62
91 76
44 212
135 74
199 1
20 40
143 168
184 146
9 126
2 118
109 41
57 171
89 139
4 22
115 59
10 113
46 30
49 58
236 64
8 181
87 85
14 259
61 19
174 70
52 158
248 220
221 28
44 30
43 46
67 1
43 203
60 29
230 78
73 43
173 223
89 190
52 156
212 31
48 28
254 4
89 238
10 91
109 24
164 82
72 218
117 171
60 24
99 31
242 206
119 27
130 38
252 3
51 103
170 82
59 85
127 40
3 97
187 85
91 6
105 205
3 179
52 120
29 86
178 78
211 115
243 96
256 52
25 27
1 93
180 158
131 119
244 20
193 23
101 94
128 122
15 45
89 197
211 59
4 97
92 106
46 94
15 18
121 124
13 98
84 31
110 9
62 93
64 156
62 0
112 65
225 25
2 3
39 207
14 101
75 53
172 31
50 139
148 86
245 34
19 257
48 202
255 220
6 28
12 82
64 79
59 37
83 25
51 88
54 232
69 21
10 3
35 27
180 159
229 175
21 23
90 2
83 214
197 17
210 39
61 154
15 55
11 18
134 18
33 203
215 116
2 29
253 7
124 35
125 53
75 20
84 167
84 140
43 85
114 1
228 32
27 258
6 138
9 60
138 24
72 39
130 30
2 20
199 18
112 244
4 88
141 224
2 261
15 1
78 37
116 149
259 34
186 1
92 48
21 40
11 20
1 36
216 214
131 33
125 2
69 102
148 0
202 34
25 195
10 0
3 1
61 108
190 168
152 61
46 26
54 30
27 224
49 200
188 116
171 19
49 63
13 2
90 130
57 19
52 105
25 94
11 141
56 198
10 239
209 20
42 17
50 182
61 137
89 9
111 74
56 204
9 158
190 139
76 38
114 36
121 35
0 17
133 67
50 114
59 77
163 44
65 177
21 77
20 155
39 196
28 96
10 227
70 206
132 23
9 120
11 150
188 149
250 169
44 166
115 21
173 197
19 80
4 81
165 28
45 108
8 36
4 3
56 20
215 20
0 261
12 221
110 240
44 31
231 191
185 4
11 1
128 146
10 18
69 11
236 105
247 81
73 68
123 87
11 149
74 85
207 167
0 78
13 59
123 29
13 70
6 122
43 166
210 140
240 219
107 20
189 25
21 153
73 83
46 232
229 156
217 43
47 74
187 0
194 160
7 19
8 3
39 24
49 14
209 242
39 167
40 28
42 162
251 33
3 0
84 18
54 145
249 114
53 43
152 153
49 34
14 24
163 146
84 143
254 88
20 46
63 24
187 113
90 86
35 157
27 95
236 60
14 195
84 260
54 35
161 28
183 146
23 201
143 23
3 30
15 19
172 260
18 204
245 202
60 156
76 60
186 19
7 57
256 159
1 26
147 24
97 94
217 203
12 79
70 59
24 82
11 31
227 6
15 177
161 19
252 38
9 129
218 223
121 246
50 151
130 104
0 137
237 139
66 112
13 4
12 56
102 18
189 27
50 127
134 144
3 20
25 32
41 223
51 178
11 116
136 1
228 80
112 17
64 205
255 213
98 100
6 234
166 140
89 235
0 241
0 222
3 17
176 23
4 2
232 30
253 184
66 3
137 241
154 95
143 140
6 25
39 25
251 107
178 21
71 12
0 103
51 163
66 1
151 27
11 47
52 229
175 78
187 192
49 165
46 82
133 62
20 198
116 161
175 24
118 193
71 201
9 159
61 0
136 117
91 135
246 35
83 32
168 140
216 105
120 226
9 0
250 106
126 139
