110 31
48 344
30 55
290 383
75 426
486 24
146 155
36 285
333 470
492 25
116 64
233 28
6 346
323 357
50 463
79 120
282 118
18 110
151 146
272 33
109 468
44 346
244 2
2 66
464 59
340 33
111 226
148 153
240 1
92 352
36 357
490 149
250 137
70 234
101 13
278 37
6 82
12 3
78 460
426 215
306 330
90 36
11 211
116 41
446 157
161 198
184 236
151 309
52 263
329 487
181 431
380 127
170 64
158 43
430 375
412 120
300 219
42 223
144 181
447 31
235 220
15 171
379 1
492 84
391 7
417 35
168 415
79 249
479 17
42 36
3 29
81 86
470 496
135 106
217 101
126 274
166 267
301 139
14 162
55 57
440 222
233 319
132 131
1 74
254 322
56 118
10 226
290 62
3 143
227 33
230 431
125 116
36 31
136 3
193 66
3 33
25 212
154 394
177 152
28 275
107 142
1 415
174 143
4 209
8 61
412 222
93 232
441 155
133 23
448 19
90 285
99 121
205 85
475 65
88 263
351 152
286 89
441 146
28 100
343 11
297 35
106 139
19 31
120 194
80 257
260 0
49 59
186 0
72 0
12 156
85 15
9 318
69 252
2 161
67 84
268 112
170 378
203 243
175 68
393 255
103 350
253 333
79 95
65 498
223 173
4 194
457 45
253 392
260 351
328 20
75 433
186 17
181 379
166 70
42 247
64 269
14 434
12 4
237 215
73 40
81 64
490 362
124 95
417 228
325 149
14 342
174 195
303 86
298 215
16 318
30 373
272 277
354 79
260 222
474 25
14 39
414 379
316 100
353 458
164 202
246 270
391 185
69 85
50 224
42 116
97 1
331 72
254 2
168 203
68 84
382 145
360 376
57 371
311 203
110 200
17 259
51 37
153 108
264 159
9 51
217 251
93 375
172 31
77 192
127 25
317 108
493 458
75 348
64 96
446 167
133 127
60 26
386 15
22 95
361 359
25 324
152 137
293 110
2 23
383 220
138 0
275 287
228 35
166 31
425 278
165 141
250 264
107 96
279 204
242 306
150 296
38 35
20 77
176 270
92 110
391 130
455 259
233 501
163 312
339 258
42 112
14 30
320 448
187 136
179 104
295 40
354 93
14 445
286 196
89 15
360 440
26 493
398 218
48 4
230 181
333 468
70 267
105 39
65 83
199 18
51 19
225 49
75 79
435 96
83 499
61 179
395 177
365 45
113 62
231 474
109 333
8 99
385 180
323 36
39 409
336 112
101 190
105 363
11 100
99 283
138 497
395 18
22 373
10 0
83 209
101 453
11 245
239 7
280 34
103 308
486 324
191 206
148 123
162 299
52 140
56 122
14 125
14 180
168 1
238 0
20 33
392 273
298 36
69 26
432 62
113 246
52 44
46 413
75 249
459 110
488 432
15 31
1 460
92 365
46 420
4 30
21 17
101 3
73 94
244 0
388 37
217 503
111 176
117 0
115 121
3 165
15 108
52 74
401 68
13 281
64 181
69 163
77 355
8 500
55 208
117 39
292 195
322 32
210 86
302 192
185 4
14 59
20 211
325 355
105 190
239 166
338 19
50 456
37 82
9 1
71 374
155 287
4 11
298 397
353 224
15 64
11 371
397 215
2 32
168 335
107 293
4 57
300 31
329 398
83 145
406 418
151 206
197 487
387 381
48 44
406 215
484 300
50 79
293 53
79 437
126 86
75 353
228 481
68 159
14 129
14 49
79 80
10 52
61 37
92 251
251 19
89 35
4 119
6 309
404 241
253 21
469 169
11 356
146 95
131 355
14 299
15 19
179 18
393 94
290 17
10 312
20 93
164 45
427 150
169 434
28 17
14 207
389 332
386 19
242 273
402 257
325 53
79 284
73 177
191 149
235 345
42 369
216 48
35 145
8 348
56 24
75 85
4 144
0 183
42 15
248 123
170 127
80 25
6 304
502 31
358 263
129 35
97 193
256 378
18 93
90 16
50 495
258 66
129 422
50 20
103 102
202 35
10 419
151 6
358 88
20 26
34 181
148 80
16 180
219 489
372 374
326 284
135 17
343 110
494 16
384 137
47 1
500 37
233 155
42 86
321 271
175 84
120 94
360 173
58 198
111 294
8 48
467 85
45 23
130 14
421 396
45 157
349 118
4 402
137 241
256 310
65 374
4 462
1 438
69 334
49 169
90 403
56 22
142 204
424 481
52 65
2 24
419 438
0 220
122 299
94 212
163 364
4 171
367 272
225 160
109 7
150 213
50 229
134 363
48 220
75 194
94 82
252 461
256 178
345 127
121 454
179 43
4 137
231 25
459 31
213 31
109 47
325 362
305 366
4 7
144 405
383 17
328 321
334 252
28 1
72 141
16 429
18 1
197 218
171 0
327 33
46 236
377 94
2 301
132 236
389 299
149 224
243 3
185 168
75 99
416 3
418 31
262 3
4 241
424 35
65 182
87 11
471 246
10 140
4 258
176 372
16 26
161 57
463 495
32 1
140 226
297 202
146 7
20 150
73 6
3 480
173 369
24 70
79 422
209 74
317 11
302 131
4 1
233 361
428 401
221 77
250 241
52 354
179 70
284 249
105 2
133 25
266 89
112 303
14 189
170 232
435 3
117 497
326 36
46 442
75 493
473 369
104 31
48 440
201 49
239 4
68 31
191 26
134 155
213 502
466 161
54 19
121 342
73 390
90 494
317 429
1 413
160 49
8 184
278 392
0 409
83 218
498 374
22 444
288 215
277 340
8 1
303 167
150 155
370 36
280 476
410 15
174 189
298 192
114 350
46 37
237 19
197 121
104 33
76 1
307 295
44 45
18 158
245 29
124 476
260 152
92 237
65 40
44 232
38 15
122 143
311 243
122 3
439 183
341 258
377 120
146 139
297 1
408 127
254 32
63 58
115 101
38 31
423 131
479 0
182 456
127 202
56 82
105 483
44 167
69 400
50 119
217 123
97 25
4 248
354 482
158 209
8 262
8 126
52 91
10 416
114 84
2 466
366 220
281 29
504 68
54 137
168 491
190 165
57 368
337 368
4 371
46 1
11 7
130 79
184 46
91 261
187 289
75 187
67 36
292 504
34 66
307 46
8 73
123 503
4 352
36 264
38 89
32 34
227 442
337 161
59 25
131 127
0 27
465 219
327 1
24 11
176 283
163 43
253 449
319 314
188 17
26 149
42 87
384 241
121 204
233 9
97 240
77 31
399 450
79 129
45 265
295 347
170 375
111 0
71 40
179 145
233 340
467 101
370 31
445 332
58 276
18 25
457 23
65 436
13 125
477 81
53 39
62 0
410 338
8 420
376 149
336 306
150 208
16 403
116 269
315 137
176 246
52 475
307 8
111 156
75 59
128 265
123 80
282 414
124 34
242 64
46 379
142 480
121 283
57 352
250 204
130 396
26 388
359 287
40 478
452 191
179 275
63 31
376 133
255 94
10 313
207 180
326 6
2 29
229 60
316 1
233 359
28 259
144 265
126 201
489 31
82 29
22 118
230 405
83 192
32 342
148 131
50 65
160 78
488 0
233 314
14 332
14 421
256 152
425 228
85 198
87 356
142 3
14 76
301 275
433 289
451 320
308 381
20 11
394 11
6 7
282 301
380 25
291 39
69 147
126 77
291 0
45 19
203 234
75 222
443 222
231 97
197 70
215 19
44 106
268 86
92 222
119 429
447 407
233 275
170 74
1 80
2 13
333 449
1 462
130 162
195 0
461 25
109 178
199 220
294 62
411 37
63 407
67 31
484 31
378 232
344 171
64 273
181 80
11 472
367 13
255 120
452 149
0 17
216 49
128 114
477 210
109 314
10 335
146 66
469 434
295 135
109 233
52 482
408 85
50 149
385 48
171 37
4 3
282 45
20 274
107 29
117 184
292 68
428 104
380 206
199 485
40 347
236 29
451 214
10 197
47 153
292 104
69 155
9 135
22 7
32 454
6 59
50 245
48 49
10 491
44 261
4 154
126 221
14 27
344 220
412 85
280 124
156 114
20 31
20 132
8 3
50 310
242 330
50 427
453 155
232 375
147 64
52 76
171 108
170 88
246 372
203 3
242 112
439 435
282 157
276 182
18 47
188 0
20 178
387 114
110 296
172 68
48 119
20 95
235 205
20 59
279 0
118 167
313 439
52 295
483 106
109 304
85 127
98 208
471 176
98 214
53 200
206 31
444 271
499 212
426 114
473 42
358 150
56 3
28 501
89 196
203 238
156 196
4 315
53 17
217 47
8 78
6 124
4 228
266 196
28 9
44 102
41 27
412 443
465 166
430 323
6 234
59 74
450 262
414 301
411 388
331 3
349 436
277 33
362 346
44 373
250 133
185 7
281 23
4 41
399 3
154 291
302 455
24 3
117 138
252 25
447 351
10 382
4 218
425 363
423 77
305 485
400 163
72 3
4 339
381 422
341 33
144 230
314 496
63 1
323 247
404 4
128 159
484 161
21 37
215 31
278 388
464 6
256 463
19 108
390 478
69 364
101 32
376 472
437 95
343 276
288 31
42 1
