161 696
87 23
4 27
227 16
477 430
69 266
165 503
183 995
850 573
566 169
228 617
220 208
625 70
176 37
307 135
198 453
248 243
386 742
365 569
209 62
248 735
478 650
451 66
752 461
545 435
1000 37
330 86
313 615
412 54
306 98
847 514
1001 704
401 228
323 556
12 3
13 257
760 735
365 240
370 959
14 587
23 280
368 66
883 17
24 466
852 416
43 158
59 127
417 907
386 43
932 263
517 457
36 881
47 233
90 603
24 784
504 223
101 374
112 226
999 616
91 476
500 317
392 530
1012 194
529 330
100 86
316 221
260 547
231 116
595 29
323 370
149 18
816 991
489 653
716 253
335 654
81 200
38 981
988 80
64 175
317 329
734 39
358 437
10 162
185 518
67 63
374 454
140 85
138 49
242 350
231 289
558 530
956 379
20 291
59 821
425 777
68 106
521 228
41 542
42 538
525 526
117 461
438 43
723 68
291 29
698 881
667 131
494 970
625 32
391 64
911 241
390 564
580 69
92 655
189 99
61 266
577 57
433 350
326 66
8 247
707 30
820 1
260 0
358 898
227 44
101 149
979 140
692 468
349 937
962 0
8 909
662 175
307 371
708 910
292 572
368 148
4 51
107 269
116 249
263 17
304 306
862 347
4 373
638 79
20 520
234 930
356 687
20 41
103 966
242 5
634 380
756 69
459 411
104 1007
946 396
173 53
147 252
115 183
64 342
47 705
558 394
533 371
105 821
67 229
151 10
752 117
809 240
231 93
870 357
34 7
322 179
344 428
42 610
69 85
48 1018
20 29
80 17
107 962
148 209
101 477
5 41
100 627
226 856
153 41
357 695
189 948
551 496
151 274
295 582
861 936
575 250
761 273
90 579
1001 354
657 17
164 64
77 220
773 689
441 18
75 506
278 70
26 163
7 700
789 125
15 140
495 745
878 699
503 406
364 440
197 278
116 1006
101 35
317 636
499 823
90 203
91 11
499 62
120 297
774 55
546 291
772 13
244 573
89 43
967 1007
550 528
4 162
303 528
44 410
433 563
77 664
763 285
343 1
141 27
812 17
16 179
3 896
42 679
188 21
975 571
769 338
161 212
675 431
434 69
283 548
380 362
396 11
508 350
442 869
874 628
354 204
267 69
20 940
262 277
3 438
325 250
451 216
752 457
609 108
142 48
55 851
1013 200
116 158
177 169
784 917
121 830
65 460
268 343
907 13
987 128
811 503
57 37
559 4
20 763
924 42
39 9
101 887
694 297
303 571
865 905
260 10
128 44
217 714
908 642
23 287
395 24
169 423
266 85
7 53
302 482
182 17
20 509
54 16
165 198
894 631
73 384
42 651
8 152
438 651
323 982
453 505
147 107
475 61
377 183
151 63
510 928
40 379
660 5
354 132
673 30
939 145
490 66
75 257
96 463
681 381
811 1019
39 353
785 143
525 339
1017 287
105 797
87 47
15 527
576 668
834 464
399 222
8 786
323 66
197 865
11 836
293 140
778 541
2 236
842 124
647 51
622 106
2 44
109 801
409 191
3 411
472 5
85 74
835 783
686 143
63 68
47 90
166 696
73 515
776 556
153 25
64 758
566 776
629 424
326 677
248 138
130 520
4 549
846 2
425 380
223 815
513 369
328 79
854 26
765 220
68 684
996 599
185 690
34 243
31 17
46 271
19 505
67 945
10 439
659 702
459 462
315 403
219 183
4 119
201 116
103 443
759 737
659 501
122 788
479 259
996 35
60 21
785 375
181 81
380 825
663 431
475 519
146 422
976 181
422 665
201 1006
281 33
328 52
419 468
855 877
141 766
688 698
116 10
260 242
69 818
111 611
929 791
409 179
328 263
154 253
377 333
390 65
173 220
3 670
282 70
23 5
73 301
618 304
158 960
194 583
237 32
386 344
756 51
848 183
352 98
136 1
838 343
5 407
160 930
122 802
27 738
412 24
508 38
680 784
408 853
940 542
566 742
157 493
997 210
3 301
561 95
900 2
323 175
782 10
134 983
370 124
38 121
5 0
644 217
246 518
552 288
52 578
792 1
824 154
89 0
112 78
153 452
684 724
69 334
35 21
4 623
973 725
2 414
100 717
984 66
130 201
356 57
4 171
71 41
28 174
91 402
743 595
572 159
225 1
948 527
752 807
620 119
221 281
67 259
723 285
248 34
344 275
715 160
23 241
225 135
238 435
963 468
418 114
225 37
713 17
121 19
185 371
552 372
12 31
419 32
72 569
698 470
3 283
150 913
11 501
367 21
329 123
187 128
707 922
140 106
369 187
575 180
83 193
237 428
548 30
658 13
477 805
80 683
1001 1015
46 527
890 702
762 1
203 822
554 664
194 132
69 591
623 965
372 62
83 95
504 775
9 990
120 873
567 261
36 245
66 0
58 29
479 444
1021 16
553 292
11 594
450 449
600 482
604 97
10 783
195 241
349 21
528 135
282 829
194 1010
8 170
111 317
117 497
43 2
610 21
275 29
223 532
24 587
14 13
589 463
168 3
169 215
200 265
931 262
218 410
54 19
954 1
133 469
75 878
133 86
244 167
806 118
301 808
546 855
656 411
96 535
727 56
4 950
77 5
463 677
8 927
90 486
132 534
626 881
28 847
589 96
318 208
546 318
52 415
299 90
193 152
553 232
562 360
186 862
521 726
304 592
356 192
336 118
267 366
8 122
498 457
907 188
568 327
630 10
678 196
676 246
164 111
1008 191
584 716
667 632
328 884
967 285
142 1004
685 119
4 82
633 950
225 383
56 398
638 880
455 800
725 649
337 29
385 217
492 1
4 206
97 25
348 407
238 964
8 799
152 329
1017 443
313 956
841 571
176 78
52 826
693 456
1013 127
227 2
449 481
71 43
452 424
174 514
3 27
547 460
105 636
585 669
280 606
72 321
510 543
47 610
299 213
120 694
120 104
879 1
27 17
231 631
7 480
756 818
34 32
101 18
4 25
63 166
185 442
755 449
264 769
385 371
951 21
382 668
100 170
179 215
357 721
160 574
659 232
135 102
119 60
11 236
198 329
4 111
428 538
57 551
334 85
691 321
79 220
778 171
475 758
418 32
1020 99
4 999
816 87
333 37
870 124
107 207
961 672
427 62
574 155
222 203
768 97
126 15
132 1010
302 892
345 49
67 682
193 296
112 183
8 77
446 796
11 213
91 257
92 36
3 2
113 889
305 490
920 354
172 650
216 653
83 15
674 102
154 660
7 376
73 240
561 33
608 47
126 121
1000 78
2 21
387 645
373 406
97 287
749 163
621 33
492 563
218 17
8 487
87 497
521 262
987 611
340 62
341 167
477 1002
550 70
365 574
321 131
81 783
15 55
459 3
777 612
19 124
251 139
83 123
141 407
578 392
886 447
50 35
361 244
274 529
740 53
1 62
446 431
87 461
145 5
158 1
935 485
384 240
423 407
827 437
16 279
601 57
47 571
67 739
302 600
312 99
833 614
447 347
59 965
19 424
39 661
755 839
384 515
217 135
652 388
31 728
185 110
652 94
9 786
570 214
408 286
243 706
624 49
3 88
63 104
867 229
244 903
11 426
47 858
40 53
633 171
535 522
780 649
871 52
109 588
997 358
222 195
7 106
164 605
142 974
206 473
337 7
741 731
558 17
787 148
147 313
133 15
894 235
168 2
361 152
722 624
504 557
4 688
701 24
189 1020
121 140
559 60
432 335
173 102
831 465
89 344
19 393
24 481
849 98
638 1
4 310
67 500
562 474
120 751
23 363
113 386
58 430
252 839
26 289
119 313
615 379
101 441
54 124
92 73
606 485
763 878
458 754
191 179
8 802
20 62
483 53
298 199
511 204
320 406
461 972
156 305
719 225
24 489
75 77
20 56
42 428
478 0
927 77
17 224
287 21
580 613
211 607
885 880
125 318
850 292
737 90
1 880
394 17
748 9
27 872
531 506
492 970
299 586
178 733
578 208
912 233
687 48
745 190
938 11
810 167
445 129
69 250
264 362
900 241
253 672
898 501
508 230
31 321
866 57
138 103
64 605
153 204
3 36
586 732
63 47
536 801
170 627
919 746
726 712
185 720
46 339
760 495
931 57
458 32
4 778
169 74
94 86
52 208
97 145
211 84
46 70
781 180
188 682
797 199
47 84
441 538
382 1012
507 704
336 527
108 36
28 582
349 532
214 360
27 237
162 204
134 210
178 544
262 37
529 215
263 420
255 102
370 389
58 101
15 448
47 486
63 46
121 29
2 53
173 35
225 795
464 1018
177 437
182 26
331 123
819 3
298 736
138 245
513 95
349 869
964 435
1009 671
242 547
495 648
276 195
51 69
231 601
336 833
42 438
75 697
244 144
10 22
24 652
67 9
298 516
63 99
47 21
455 33
147 207
646 741
519 127
764 1002
912 47
210 790
762 62
372 949
404 573
141 981
849 352
4 2
21 865
1 21
231 534
253 371
38 350
916 439
181 218
838 593
349 0
821 965
146 145
864 344
55 203
8 70
451 0
446 292
895 25
45 530
516 199
205 728
39 496
11 59
988 859
523 709
561 264
202 180
492 433
760 253
235 93
286 731
283 30
28 191
112 400
4 895
649 612
405 9
533 217
252 695
152 204
275 88
90 732
666 265
73 29
125 215
60 840
488 318
3 978
992 155
79 52
541 410
178 281
38 551
10 261
221 757
127 200
89 324
111 82
188 794
588 639
831 435
80 857
315 466
100 1003
571 102
109 298
83 366
916 788
438 941
194 131
474 166
185 815
652 60
536 817
788 439
817 914
28 958
719 447
168 297
139 29
608 571
34 144
566 369
850 446
957 405
874 392
145 496
828 94
110 848
170 26
256 115
513 875
957 94
121 141
36 689
161 491
901 228
644 190
993 123
323 217
345 354
115 485
467 274
623 162
25 310
558 773
151 646
452 560
896 978
75 791
290 713
441 157
979 106
575 9
438 729
28 491
325 69
80 174
63 189
520 617
237 632
173 453
581 10
382 7
324 128
370 556
312 790
604 332
705 1
382 576
319 10
223 351
3 499
219 84
357 891
473 0
151 359
604 376
4 155
311 29
20 285
89 871
76 854
984 451
223 861
787 394
421 234
354 436
50 872
702 56
976 174
24 635
936 775
845 126
227 224
434 85
63 257
464 779
7 194
169 926
2 180
450 948
247 128
75 354
161 166
408 184
62 823
475 137
75 411
773 314
44 414
169 166
142 41
393 424
338 29
129 233
130 398
750 281
408 118
4 22
1005 62
21 196
104 285
922 60
67 568
11 876
769 582
452 510
592 86
727 33
365 25
472 167
805 224
975 294
65 498
291 44
19 668
397 640
109 184
324 665
640 18
75 189
637 245
79 765
471 15
211 1022
202 876
405 312
58 362
804 29
290 932
85 383
125 468
815 371
915 348
165 62
173 1014
767 270
495 918
109 464
977 30
536 363
13 526
184 118
566 166
183 444
626 254
129 717
904 77
173 195
367 196
116 574
181 806
42 3
753 583
305 66
971 48
404 856
173 59
323 826
954 678
883 150
332 296
229 228
73 657
365 317
592 94
348 276
659 711
10 888
315 124
537 87
992 574
11 705
963 318
889 48
317 270
91 812
539 428
958 514
387 157
462 26
43 969
7 753
746 17
67 867
49 966
319 41
955 871
116 309
20 855
519 61
810 602
777 906
584 165
712 435
577 304
104 751
12 438
28 857
28 355
239 606
223 557
585 413
637 510
181 174
433 282
532 937
511 848
67 192
172 934
1021 645
109 834
540 86
280 743
517 813
735 779
957 278
730 186
655 88
462 115
512 209
358 238
168 577
576 194
671 717
903 363
295 529
320 943
915 736
832 204
593 270
169 359
629 436
588 464
237 830
610 668
59 102
11 77
225 261
860 262
19 693
911 148
157 452
238 0
133 679
47 597
30 677
20 36
647 4
319 87
80 436
470 590
61 1
814 310
967 925
502 86
320 108
419 754
807 923
938 1
641 1014
432 25
952 567
42 237
320 990
908 78
837 157
924 632
986 78
589 375
186 116
197 152
30 106
24 612
256 577
793 192
351 13
579 603
896 36
243 114
832 511
23 443
134 275
133 330
202 107
484 429
87 991
308 232
4 135
151 166
2 363
311 25
75 771
634 425
483 208
827 358
120 868
190 135
248 538
110 183
581 165
902 17
959 522
99 53
986 844
52 245
641 826
95 29
750 33
19 25
514 880
1004 84
56 747
584 1019
306 78
562 407
500 422
926 215
576 486
531 804
587 301
374 544
89 198
223 194
53 913
621 281
146 591
803 118
267 45
175 74
422 739
4 545
256 104
445 598
63 177
837 341
291 175
897 1
593 1
792 960
550 154
789 223
309 204
113 90
368 787
176 702
731 304
372 29
417 945
630 994
77 843
4 761
816 469
28 161
116 944
734 142
782 22
8 554
344 29
791 257
425 825
216 233
294 378
239 177
64 602
824 59
429 69
427 372
591 9
105 213
613 85
248 1011
23 743
244 330
968 926
977 78
248 607
685 295
604 131
860 901
336 356
225 897
107 1
97 193
268 21
59 195
524 90
354 80
197 21
230 733
663 308
101 230
99 26
332 346
3 297
413 669
62 949
4 320
211 712
700 424
852 221
533 295
90 199
316 56
42 632
622 648
135 171
210 312
866 48
93 495
201 460
110 995
637 426
92 24
845 121
40 0
470 539
223 300
340 165
284 102
8 749
75 34
52 14
853 120
875 662
315 51
52 102
105 11
537 674
328 389
173 284
593 343
914 37
39 48
503 216
178 149
24 917
772 330
189 415
893 5
670 36
87 133
105 218
11 49
142 567
222 347
4 317
271 277
558 747
213 476
3 49
1008 384
364 17
227 645
951 82
263 657
910 510
126 206
294 286
331 83
524 639
555 729
319 666
243 376
46 469
319 334
4 595
1003 127
184 882
129 598
549 29
980 478
142 661
377 14
117 97
364 57
250 9
219 567
612 599
184 767
145 200
899 62
734 457
42 60
54 449
50 413
590 162
3 480
760 989
11 843
748 261
654 310
774 822
345 346
792 158
218 29
942 609
222 503
117 851
397 683
645 229
63 120
393 453
7 3
4 29
364 582
506 804
91 99
38 141
121 143
667 72
154 70
137 758
16 204
84 41
349 442
181 17
320 442
655 123
149 485
331 360
860 264
933 546
88 159
133 947
419 224
28 447
846 236
726 190
892 482
51 472
915 73
117 502
471 420
51 602
508 220
893 0
781 202
203 379
444 74
2 772
540 100
243 796
12 205
210 267
620 60
380 628
730 347
19 352
3 941
325 129
186 165
142 353
237 998
560 17
399 429
828 921
172 96
395 701
303 171
570 360
172 724
358 139
885 1
58 51
158 5
24 493
220 25
201 565
3 700
93 223
902 66
467 151
983 38
372 808
322 355
28 886
392 45
780 599
230 759
731 411
293 143
641 102
554 77
242 240
238 66
16 0
487 247
231 235
76 144
525 351
968 215
67 188
109 803
348 102
512 62
692 419
129 241
176 555
416 985
612 371
722 49
673 376
307 714
562 841
156 72
921 86
973 649
642 78
685 161
421 65
121 212
248 706
882 258
131 127
381 61
186 222
1016 21
140 686
820 343
484 383
688 863
223 13
190 465
575 122
764 887
969 158
494 37
103 594
119 40
904 946
237 539
337 232
52 884
324 123
58 388
942 320
529 469
752 972
148 1
345 38
240 29
184 258
7 32
49 836
709 98
725 612
221 415
707 548
699 411
766 407
690 272
690 953
71 84
455 386
28 179
245 314
402 17
210 619
19 224
629 920
89 955
404 144
34 607
335 814
46 721
308 675
697 656
160 116
24 643
570 425
16 13
75 108
118 171
211 112
280 241
265 1022
119 840
109 318
101 519
104 272
660 0
1016 60
46 139
637 424
866 971
27 33
396 925
10 944
190 712
985 74
554 799
11 909
165 288
819 283
197 905
151 994
715 65
770 80
46 17
78 37
116 149
68 188
228 509
425 234
469 826
97 939
404 903
289 163
0 269
194 510
680 24
665 463
107 0
223 131
64 9
294 48
63 868
165 597
433 233
92 111
646 245
315 842
322 556
393 124
387 24
229 794
478 532
523 78
237 738
151 741
11 247
495 989
521 240
619 448
78 729
425 136
691 31
252 207
146 18
918 648
75 531
749 771
767 410
768 27
267 13
890 711
24 73
416 85
177 873
331 993
181 80
24 961
688 470
588 21
642 400
186 347
67 417
397 859
422 188
435 632
258 118
899 1
93 635
150 339
614 527
879 593
445 241
19 192
708 194
101 454
470 863
251 815
189 785
870 609
47 240
543 131
389 158
643 73
101 354
54 807
1 844
7 506
83 251
8 342
658 526
404 314
300 0
104 254
122 10
268 19
450 24
57 17
289 534
399 597
336 798
906 612
298 596
59 9
165 249
336 5
105 40
789 46
861 775
708 928
523 143
205 273
1 196
334 0
96 665
117 820
720 206
390 234
370 522
744 549
262 228
125 919
101 507
684 327
100 127
679 632
933 877
537 102
47 270
158 131
218 394
740 7
185 953
312 9
943 144
234 564
681 19
592 33
279 0
423 215
259 65
504 351
429 383
112 718
541 155
744 4
479 89
464 801
150 277
63 214
435 376
56 654
680 253
38 538
947 469
255 18
1015 704
585 19
565 460
190 435
75 929
354 511
122 888
230 226
9 261
649 599
197 829
198 253
830 998
264 338
516 736
213 579
307 217
93 648
483 826
482 102
190 44
10 835
608 858
113 65
378 286
234 813
151 169
853 297
57 710
93 745
735 1011
864 89
137 456
11 925
703 314
266 367
22 616
395 98
252 974
52 757
488 468
676 273
315 24
703 245
130 118
239 935
980 0
556 982
38 346
515 379
614 798
349 37
596 199
147 1
391 164
400 718
22 366
403 891
59 388
99 375
246 273
777 649
43 26
246 245
138 624
324 257
7 583
357 403
684 934
800 742
16 923
8 771
55 29
47 203
80 809
302 102
44 215
1009 427
618 577
34 224
719 795
302 173
58 401
622 140
1005 671
219 952
354 770
238 473
764 805
247 192
389 131
793 356
42 1
440 710
