57 1
39 34
28 14
26 55
56 37
20 2
52 2
24 13
28 30
11 43
0 12
36 1
20 4
38 27
25 21
4 16
37 27
18 29
26 16
45 48
51 12
26 4
45 54
13 12
55 4
11 13
5 35
10 14
42 13
7 1
4 1
25 13
10 9
39 3
33 51
5 22
5 9
0 38
46 2
4 52
8 15
13 14
4 31
2 34
39 38
50 11
5 40
11 12
10 1
11 23
35 47
0 17
22 2
19 3
1 30
56 16
37 16
22 47
26 31
7 18
0 5
8 48
33 2
49 30
2 3
36 8
8 1
9 37
49 8
5 2
53 44
46 37
46 12
53 57
3 32
9 1
5 15
8 44
28 43
11 2
22 35
11 17
11 28
25 14
21 12
23 17
36 54
42 24
35 40
11 19
22 29
0 32
40 1
2 17
23 13
3 18
50 29
24 14
0 41
14 41
53 1
