52 17
11 9
20 2
18 1
18 16
40 31
7 30
24 13
1 48
19 15
23 41
27 15
0 45
5 43
24 8
45 19
27 16
51 28
46 44
5 39
35 13
52 1
3 1
17 1
44 32
12 3
19 17
38 2
10 33
23 48
33 18
36 34
5 8
5 36
25 13
50 8
5 22
39 23
26 29
7 3
5 1
7 16
5 23
7 13
35 8
46 49
8 15
37 38
0 4
8 37
9 14
47 1
10 47
0 43
0 5
4 2
28 3
22 30
10 4
11 29
2 3
9 15
11 16
8 1
11 1
24 51
45 24
5 7
21 9
7 14
5 3
25 3
2 44
19 24
11 34
7 17
5 34
35 15
24 31
37 30
13 48
8 2
21 15
2 32
19 40
7 2
23 32
26 19
19 41
46 32
42 14
50 12
11 19
13 16
49 44
0 3
20 7
11 14
42 7
28 1
