25 17
22 16
18 1
1 15
39 43
21 27
49 18
11 7
27 3
25 1
9 47
22 18
39 30
18 29
33 1
17 14
3 47
0 10
25 48
4 14
3 1
17 1
46 3
1 32
28 13
13 41
11 8
7 44
33 9
7 41
22 1
4 1
20 8
13 2
50 8
6 1
25 7
17 48
10 20
0 38
33 7
35 2
11 6
7 34
46 2
0 4
18 15
0 24
10 16
45 29
9 3
42 22
4 9
12 1
22 30
49 30
10 4
3 29
10 31
21 1
0 35
4 3
4 40
38 3
26 13
13 15
7 28
36 7
8 43
6 2
50 2
20 15
42 18
13 3
24 12
8 44
0 1
8 30
25 29
10 8
7 37
0 37
37 34
4 15
38 15
26 34
2 1
2 16
19 1
40 29
7 23
0 32
4 7
40 1
0 3
45 40
19 31
23 13
0 9
36 4
