21 41
11 9
20 40
49 13
13 32
26 3
5 28
7 30
41 31
12 18
26 8
4 22
0 25
4 21
0 12
7 8
5 44
25 9
11 7
5 43
37 14
26 1
3 1
5 12
36 16
17 1
5 37
46 21
5 20
4 12
28 12
11 3
10 33
23 48
7 1
4 1
10 9
39 3
5 1
25 27
24 7
42 9
35 8
19 38
9 27
19 22
45 15
2 34
36 24
10 45
13 18
4 8
9 17
5 40
9 14
10 1
9 29
50 15
39 50
9 2
0 31
14 32
0 5
21 48
4 2
22 41
17 29
2 3
20 1
13 1
7 35
10 15
11 16
5 2
5 7
21 31
23 1
19 9
5 34
0 1
46 4
7 38
21 23
9 34
12 29
36 47
14 30
49 3
37 44
33 31
19 7
0 11
42 7
34 43
23 18
0 15
24 47
0 9
3 18
24 14
