67 577
307 423
575 1
22 312
105 114
389 368
170 165
56 65
524 422
41 350
18 428
254 75
14 333
378 304
331 432
402 318
90 463
348 330
79 538
170 571
110 106
455 32
441 98
19 137
40 82
456 194
292 281
40 208
199 13
402 589
450 583
92 215
147 40
548 553
320 78
188 78
6 1
4 303
326 373
48 120
567 495
438 222
75 135
147 127
426 212
28 346
380 462
181 1
197 340
262 72
6 64
289 291
270 11
130 259
221 3
221 534
67 91
479 17
356 17
18 362
240 493
8 107
278 100
4 550
37 88
3 542
499 545
254 45
385 64
40 100
587 431
424 371
12 46
541 211
130 212
304 59
313 275
109 188
465 7
253 532
128 1
4 325
498 74
8 61
380 579
58 61
37 214
182 267
89 468
474 35
140 139
119 502
244 379
256 23
2 0
44 481
581 125
230 530
1 444
336 183
345 78
156 352
118 35
294 46
130 48
135 505
4 126
290 274
205 153
203 373
570 62
10 11
354 353
13 503
24 456
554 167
4 22
419 95
253 13
92 3
354 51
1 41
38 68
169 224
15 159
189 23
252 376
4 51
469 351
66 236
191 544
6 572
476 17
15 68
4 23
48 263
526 35
14 409
53 273
170 99
44 1
48 28
308 49
8 226
361 114
577 53
221 26
55 33
4 507
221 247
115 513
98 232
533 498
242 53
48 425
93 1
396 32
280 64
423 155
315 112
30 215
4 94
148 25
135 424
470 547
183 33
564 358
356 62
180 23
177 362
63 44
4 97
66 74
405 491
140 13
284 196
186 62
119 451
476 186
435 472
51 579
44 320
105 421
12 152
14 32
203 106
535 547
272 1
358 236
298 9
18 183
475 510
20 1
213 78
412 31
71 8
467 555
54 306
127 198
580 23
2 5
568 182
393 141
45 462
50 98
97 82
101 163
389 288
7 497
301 338
118 364
399 58
398 259
10 583
521 18
127 277
575 17
277 480
213 383
337 203
235 162
300 26
523 154
210 149
6 558
68 149
461 279
230 407
113 536
34 29
492 429
198 480
122 123
336 258
237 159
465 193
360 363
446 102
58 30
184 104
537 218
83 13
484 23
50 285
162 139
160 377
52 107
60 370
18 438
8 178
203 11
170 515
75 319
144 38
32 88
12 16
46 526
80 214
209 558
260 64
322 48
494 248
351 561
473 4
172 24
10 149
215 571
34 474
205 241
347 454
4 115
15 340
277 198
374 1
120 212
539 1
485 116
174 113
4 28
394 7
345 264
210 11
477 3
8 95
486 36
65 31
351 359
15 108
218 102
103 32
8 271
201 106
341 330
116 23
0 31
227 78
90 171
382 494
331 59
291 460
76 310
62 296
101 76
106 291
508 458
107 361
262 271
90 77
130 18
36 43
77 463
326 106
173 472
4 269
136 83
16 141
425 276
154 386
421 83
52 26
4 11
450 76
548 85
67 573
278 18
90 370
7 320
12 29
572 148
334 158
109 44
311 230
328 26
187 54
231 140
584 553
560 1
453 355
447 339
103 37
562 14
10 299
512 548
264 481
363 236
335 348
360 66
122 91
397 45
52 390
385 458
13 112
246 451
302 223
4 24
51 353
52 117
105 576
54 365
4 77
346 137
395 190
113 574
230 429
320 497
28 49
8 12
176 6
30 3
8 388
392 23
339 409
384 113
336 33
8 25
433 460
119 329
116 200
4 193
135 7
8 390
290 59
308 344
8 72
109 227
541 84
424 540
315 87
449 194
79 74
101 418
115 431
195 53
105 34
233 64
175 241
274 59
39 23
129 35
130 297
578 146
176 104
341 301
231 199
137 263
125 204
126 394
67 123
243 53
52 182
227 368
426 259
582 330
119 94
222 198
300 20
293 154
12 153
246 439
270 76
377 493
444 496
216 4
229 87
445 167
46 249
290 587
4 40
396 88
4 38
309 165
151 190
22 485
8 488
201 275
6 25
172 180
570 17
138 64
34 468
164 428
552 101
524 220
400 359
521 284
75 167
67 306
73 16
304 392
24 194
15 21
91 555
391 53
248 217
387 270
1 190
231 516
270 310
40 277
62 27
157 413
162 461
46 13
92 89
205 466
517 98
50 580
529 536
32 47
4 7
166 152
487 120
4 19
24 436
535 470
129 364
12 309
233 508
50 232
4 161
142 100
380 381
478 434
288 78
223 53
138 234
440 29
117 20
56 245
250 9
246 589
132 15
239 26
307 367
510 81
168 222
443 171
6 488
176 347
11 74
504 449
13 35
24 23
138 133
327 301
32 211
402 9
185 96
471 335
219 295
124 66
566 12
184 230
7 551
69 559
245 0
233 458
176 429
332 38
156 333
7 167
61 165
513 59
185 53
151 1
8 112
8 568
40 251
9 27
327 330
71 501
323 33
4 116
176 230
391 96
10 248
172 102
50 281
322 297
408 8
464 122
367 415
10 32
563 183
133 86
317 53
427 329
8 184
105 228
69 237
193 316
300 483
244 220
79 498
18 55
349 141
533 74
302 145
209 64
66 289
298 181
338 330
6 434
500 569
430 51
529 355
8 87
276 55
10 81
105 3
254 445
133 5
101 546
171 553
32 66
140 238
399 30
452 13
531 32
10 324
227 557
136 13
0 178
556 137
199 411
38 15
54 273
150 544
490 15
52 520
326 313
519 513
50 158
439 502
229 16
67 224
187 30
588 158
66 565
4 431
243 549
45 353
26 542
179 509
200 261
135 371
260 434
4 196
163 1
341 335
73 342
95 53
217 66
582 335
519 24
353 420
307 21
131 257
266 180
321 7
110 66
447 32
305 244
50 422
4 346
200 23
405 359
60 85
152 29
17 27
372 366
443 1
506 338
366 102
8 73
148 64
156 74
219 538
22 23
478 64
126 316
66 373
226 43
87 131
101 270
10 14
22 207
319 314
75 554
30 265
537 366
12 34
227 288
417 416
528 149
79 352
87 257
11 236
539 27
436 499
93 0
261 23
451 94
578 56
201 66
95 243
408 486
111 0
404 410
201 157
107 267
9 17
147 208
12 99
18 15
22 144
382 358
164 490
280 260
8 204
500 431
28 82
4 293
268 28
172 442
117 26
0 43
467 91
156 11
8 543
66 460
240 0
329 374
28 344
408 36
546 155
98 545
67 145
4 39
401 94
242 243
256 207
48 459
134 17
174 518
290 569
332 11
113 314
339 333
183 137
487 489
493 31
355 420
292 98
115 24
4 422
219 403
125 532
446 442
469 491
337 360
295 79
429 454
584 548
128 479
4 496
216 40
557 78
4 18
14 339
471 338
433 106
8 437
124 106
197 81
16 13
176 272
9 94
134 62
416 414
295 74
172 266
4 268
47 299
46 139
158 379
336 137
111 8
406 319
588 232
79 455
452 34
137 507
176 492
6 138
106 157
304 23
221 70
505 540
484 194
51 45
561 403
66 275
334 4
262 437
61 375
492 347
393 241
184 543
274 269
109 320
18 142
45 7
189 282
410 312
523 97
3 1
81 15
34 13
384 51
64 434
384 511
203 74
475 132
85 171
7 1
6 143
573 265
147 277
343 121
564 494
452 35
317 91
319 113
107 576
22 286
1 418
59 23
63 179
176 311
535 171
37 84
404 286
152 35
560 318
18 108
53 549
173 518
32 37
235 13
249 35
559 159
69 10
67 53
515 30
231 457
258 33
516 139
189 102
8 36
24 303
10 531
75 113
112 503
195 419
21 287
321 505
406 113
11 1
500 59
365 169
174 384
30 165
8 342
10 80
191 15
69 155
528 11
24 59
114 3
250 350
252 369
404 207
118 440
48 49
1 509
349 301
513 527
383 7
123 283
294 35
4 154
216 325
225 550
427 1
12 327
566 73
435 551
288 368
412 85
586 212
72 375
101 415
333 409
397 75
151 128
253 581
364 29
175 141
177 40
168 127
172 218
211 84
512 171
239 70
252 97
251 208
2 234
282 442
131 112
358 11
129 29
160 240
12 466
567 366
395 1
335 301
470 171
4 376
482 66
514 314
185 58
305 158
45 1
92 477
113 529
453 353
121 29
207 286
471 506
347 407
26 534
105 13
276 489
8 255
26 70
398 586
92 12
252 268
113 51
46 152
562 156
207 312
150 38
238 279
6 230
231 411
83 522
255 125
170 30
16 388
274 432
92 105
11 116
12 166
164 108
26 247
24 504
378 194
122 283
387 76
585 444
482 74
24 161
347 530
117 483
143 86
192 68
146 31
399 61
51 7
1 21
464 91
172 441
254 397
296 17
384 574
10 15
60 470
167 371
111 36
400 74
4 585
119 401
4 45
4 556
12 141
226 0
45 381
473 98
97 386
381 462
8 2
336 563
11 192
228 13
158 285
128 17
83 204
328 520
105 522
337 11
495 218
24 527
140 457
101 287
173 514
372 218
445 7
60 171
113 511
565 413
321 167
225 414
15 137
417 59
380 430
323 459
408 501
118 29
268 369
467 67
321 424
517 180
111 178
552 21
136 253
343 118
233 138
37 324
