110 31
452 0
507 542
337 409
99 186
300 518
22 374
526 553
313 226
226 241
565 318
105 64
254 253
467 197
358 28
124 22
280 0
450 556
83 0
10 24
507 27
16 308
339 551
14 63
19 214
90 176
101 21
255 569
128 184
341 15
99 463
455 261
176 58
521 280
518 544
16 104
338 153
367 318
174 63
485 0
95 161
13 33
100 257
32 15
487 98
3 190
465 365
321 9
12 217
12 188
193 269
170 26
44 181
395 221
12 76
405 78
26 291
22 157
113 46
115 507
90 216
131 468
343 369
33 259
32 17
363 112
388 273
305 250
22 41
13 291
48 127
216 58
568 55
229 293
8 85
399 551
345 503
437 569
331 89
65 517
177 232
50 117
207 422
4 84
242 133
174 204
5 3
250 138
13 234
295 356
44 121
107 70
26 442
558 530
354 64
193 437
557 29
0 159
76 534
58 416
0 37
28 11
566 161
191 529
75 162
4 37
280 306
90 484
493 366
228 448
2 0
114 261
258 84
466 297
367 435
144 323
168 462
246 209
236 232
77 529
89 536
42 19
19 222
92 9
221 230
304 27
8 464
519 348
119 209
412 58
146 483
570 314
5 558
396 394
119 96
116 418
223 173
192 27
539 503
482 407
18 377
16 36
10 91
62 39
61 538
49 547
340 149
467 0
337 121
13 53
124 537
461 335
3 271
378 104
58 247
13 491
90 173
348 80
155 25
95 11
471 280
4 202
10 44
20 414
162 18
475 324
382 114
311 169
549 149
79 369
233 429
73 415
6 0
175 362
127 78
342 78
177 209
346 536
22 30
20 72
252 272
568 18
186 277
349 166
297 53
20 103
77 353
231 380
4 436
8 219
12 350
554 171
45 454
210 154
60 26
15 424
380 140
178 27
289 104
77 152
99 571
562 20
433 104
433 349
346 277
85 13
8 30
451 3
15 428
97 514
10 478
128 208
525 119
99 89
177 220
337 35
115 13
450 363
168 0
30 511
449 344
8 155
343 79
134 0
15 57
148 29
154 312
403 161
107 43
67 426
376 407
150 545
294 13
523 26
307 96
89 476
46 19
358 309
143 145
20 546
392 53
16 23
117 28
147 386
396 357
11 249
172 560
453 0
16 320
88 86
276 45
391 390
240 183
386 373
119 165
26 192
140 158
351 129
136 330
326 375
16 46
329 102
493 118
316 224
156 166
207 539
311 112
22 57
290 20
138 372
170 438
268 3
147 114
367 89
147 9
359 194
61 43
393 28
182 68
14 78
10 239
89 346
20 325
197 0
402 139
28 148
385 266
16 135
322 504
240 330
156 16
505 23
389 495
506 11
12 89
39 540
387 406
121 35
136 240
8 38
528 87
525 165
280 11
115 27
254 409
146 33
133 9
162 55
34 21
349 325
11 29
268 161
3 171
0 496
564 173
20 284
561 208
472 224
295 196
528 88
106 53
564 90
237 20
55 375
164 163
129 413
207 5
168 43
177 281
265 17
151 202
50 101
322 129
482 369
197 394
444 214
475 17
108 458
42 320
63 131
95 485
233 16
177 480
10 78
146 470
252 132
370 55
237 82
20 289
119 238
126 86
122 364
292 460
492 437
384 23
399 38
339 30
216 176
333 350
465 239
10 533
202 312
36 327
412 17
147 373
543 153
479 55
378 113
3 446
537 30
3 74
185 203
131 7
112 169
12 6
8 461
517 40
42 257
8 540
466 53
0 141
498 84
70 379
85 335
488 274
532 178
160 158
509 265
266 62
9 212
562 213
137 41
8 200
35 145
12 552
244 9
298 53
300 120
90 555
176 508
95 310
513 72
92 1
567 53
228 53
34 180
90 524
0 462
14 366
64 153
336 6
217 99
531 5
182 24
103 213
83 68
160 0
489 287
173 17
393 29
426 26
73 23
496 108
7 31
65 7
51 3
45 424
205 208
43 538
469 374
389 237
19 444
242 96
510 208
563 398
292 209
140 112
136 183
447 108
484 516
301 3
405 118
5 0
416 17
559 474
191 27
361 510
307 303
4 40
512 260
246 177
89 318
191 77
13 15
361 275
95 175
21 94
6 2
16 19
57 137
119 303
23 214
20 104
0 544
331 76
184 55
114 0
136 123
69 52
522 17
292 177
58 173
60 27
262 198
12 31
154 0
486 238
504 166
315 312
360 451
498 7
134 261
383 17
304 152
146 259
229 219
185 490
148 198
109 18
136 95
16 29
16 429
10 355
427 82
395 27
97 522
6 440
209 480
505 415
36 495
566 360
26 27
459 279
488 44
30 39
132 249
28 21
363 311
90 223
95 451
343 15
179 148
24 400
251 37
572 89
471 11
66 17
55 287
177 303
240 434
6 340
243 442
344 318
432 13
12 336
329 125
180 80
16 299
238 96
233 308
99 76
398 281
282 454
523 270
30 133
335 431
151 1
248 198
40 7
121 143
13 178
417 64
81 35
48 342
191 26
561 53
89 565
172 275
293 33
384 314
170 33
554 95
399 124
128 205
515 390
531 120
411 114
484 524
397 352
345 95
354 390
5 518
1 440
345 207
10 4
189 436
323 5
276 270
264 125
502 41
111 122
70 98
227 235
76 481
0 310
385 96
66 324
211 21
235 255
221 33
89 186
521 306
12 401
58 17
193 347
75 494
179 309
12 215
222 214
119 236
65 40
13 259
91 204
200 273
22 321
87 13
199 16
119 232
473 571
22 203
11 0
49 420
152 353
9 165
119 9
298 297
28 102
474 15
302 106
421 180
54 25
3 23
244 547
450 520
445 20
255 13
227 67
271 29
479 375
4 196
541 55
12 140
134 455
142 553
162 499
61 98
46 104
414 82
56 26
207 503
16 166
427 36
177 563
361 93
19 241
134 114
345 422
368 33
251 108
371 29
51 0
166 104
4 458
99 331
282 167
291 491
290 351
26 269
8 13
26 255
391 22
477 433
264 102
13 27
187 373
318 481
266 9
306 11
58 383
370 13
163 43
493 405
105 442
471 0
297 263
14 418
404 201
557 195
361 172
36 23
515 22
425 114
154 212
77 26
30 96
154 356
146 200
93 275
111 0
11 446
15 45
9 17
95 5
197 357
93 106
112 545
417 41
9 114
181 35
18 59
278 342
172 550
288 514
3 530
164 333
336 549
251 0
12 231
223 0
79 17
476 76
0 43
500 95
439 228
10 274
64 41
44 253
81 116
8 420
535 424
469 22
271 23
55 267
150 169
107 225
73 36
71 189
79 376
185 527
439 263
10 37
570 233
360 161
497 94
432 255
360 403
363 520
12 24
300 548
50 34
95 359
188 141
199 20
512 183
4 63
146 388
334 390
4 496
190 155
89 463
294 224
443 209
339 38
75 55
24 43
22 288
559 369
234 555
253 35
55 448
532 27
435 318
128 106
233 314
85 431
140 215
0 100
278 478
328 35
14 127
22 279
12 43
90 516
408 38
270 338
252 506
175 194
23 29
13 0
197 149
133 511
70 76
185 457
408 22
6 401
453 400
362 434
95 283
36 135
343 17
230 438
486 119
550 275
500 123
430 9
406 527
254 337
7 1
519 211
95 306
166 325
146 368
89 344
343 428
140 141
21 100
262 29
389 36
317 20
185 105
417 502
382 261
77 410
22 286
4 526
19 23
430 49
16 21
46 299
22 133
4 419
10 35
243 218
235 13
508 247
40 131
452 149
0 17
67 126
200 470
12 112
10 552
377 55
9 411
184 302
492 193
8 319
4 81
397 28
311 0
281 96
282 45
136 260
158 0
9 220
179 195
12 379
26 13
234 139
443 460
119 177
156 129
130 55
23 415
437 255
15 509
402 234
300 0
305 372
477 349
185 374
367 449
21 29
28 125
4 355
301 19
34 497
254 44
123 283
109 567
419 37
248 29
22 137
125 352
347 269
123 0
89 534
54 74
560 275
103 327
424 454
326 13
44 35
266 39
107 245
130 494
492 67
66 15
572 346
383 501
90 13
513 16
20 46
323 3
52 8
162 267
138 94
71 274
150 112
250 21
239 365
50 0
314 29
473 76
315 154
4 201
107 487
73 296
195 371
237 317
10 12
9 312
76 43
445 23
1 285
26 424
14 118
105 22
546 504
142 258
17 501
343 341
34 94
400 0
472 316
162 541
260 240
144 95
311 150
381 84
21 352
225 24
79 474
120 0
112 0
105 319
15 17
543 15
137 157
130 75
9 364
143 35
490 22
97 459
95 194
483 13
52 13
381 285
134 425
28 272
556 311
95 123
421 211
535 45
210 0
12 107
195 102
115 542
73 20
8 18
365 31
16 413
10 110
228 55
489 263
6 357
7 468
13 224
533 7
484 139
89 277
252 28
187 159
284 213
163 141
58 316
373 159
15 167
166 129
404 14
69 59
447 37
53 499
464 483
67 269
56 88
5 190
457 286
13 86
177 96
334 387
130 392
430 39
37 108
12 245
548 120
8 339
265 324
4 142
176 13
410 27
8 218
169 0
95 3
328 278
20 296
246 9
270 153
12 149
36 72
313 16
