1034 215
1077 350
458 73
980 339
54 999
521 399
87 249
4 514
517 901
187 262
565 915
389 895
22 682
1051 787
623 10
68 70
866 99
432 7
405 225
967 587
803 538
562 601
27 628
10 534
144 45
394 269
363 106
769 48
988 304
484 339
437 1072
215 480
12 3
227 881
1075 682
11 211
323 40
248 1121
117 923
626 190
775 114
961 447
6 1
88 598
637 583
652 427
559 229
461 123
51 241
671 739
332 888
770 22
247 1151
173 132
97 218
183 41
302 258
184 11
545 639
64 261
915 90
760 1
343 415
529 1
635 851
471 621
611 131
1129 7
601 1041
184 188
1161 423
811 80
111 464
47 10
45 330
2 45
690 534
3 881
637 94
408 228
2 241
28 143
42 108
801 891
397 86
448 330
887 18
88 822
580 129
130 877
245 863
28 536
2 914
807 111
130 598
421 1142
1005 7
166 17
31 343
748 2
634 69
839 891
944 548
22 1075
79 434
42 380
88 214
1135 383
22 333
557 522
88 959
54 129
38 448
138 266
412 244
165 791
99 1115
741 549
268 60
63 278
197 365
816 759
129 925
275 668
67 144
90 94
559 3
438 215
40 132
59 115
8 1160
114 538
23 953
372 905
352 858
769 822
323 277
354 311
71 515
2 388
10 790
788 35
50 55
958 39
290 977
149 693
51 159
341 153
48 162
408 165
1016 839
52 224
11 511
484 389
48 246
138 202
242 5
400 154
209 1018
176 1134
951 372
201 220
215 301
67 1073
462 66
984 41
76 907
72 624
3 1025
2 1052
48 901
850 35
11 139
517 544
7 444
479 380
137 44
491 1071
1065 710
34 2
66 74
177 137
676 906
57 285
254 703
57 509
71 200
71 962
223 503
142 326
992 371
1012 2
75 7
785 213
867 188
904 215
658 209
1097 1000
580 290
3 69
156 617
165 384
28 834
54 268
924 855
1078 158
910 531
983 231
556 196
325 55
395 307
705 543
243 132
1 672
101 35
13 29
3 578
376 289
23 2
892 1
400 855
814 735
845 1049
1133 424
1017 9
1074 1076
811 1162
62 41
76 2
1060 1098
54 96
320 271
54 6
16 52
562 237
434 460
799 1014
176 138
125 496
290 773
389 215
336 296
471 6
142 128
265 501
356 708
1113 876
325 1083
11 711
268 954
151 194
389 339
65 2
3 481
38 815
1050 464
417 487
516 693
38 18
239 132
311 385
247 592
67 45
178 52
504 911
364 322
769 214
1093 11
1012 131
981 280
125 913
1016 94
987 61
11 3
752 551
102 456
904 820
625 35
979 103
7 882
926 403
331 838
870 103
805 928
150 397
15 334
24 7
491 249
654 1
391 436
137 9
83 98
908 605
282 718
354 385
1119 70
1036 859
101 540
845 1041
112 691
314 41
40 436
2 771
455 64
34 218
734 19
841 801
810 299
67 438
55 527
730 139
201 986
85 21
19 2
11 29
938 112
1095 90
91 22
1066 405
755 526
89 321
475 35
36 95
4 967
383 94
38 552
417 526
2 236
1128 616
4 269
357 1140
1133 89
647 51
638 94
575 389
1 261
698 653
7 179
564 1099
479 108
467 453
853 586
201 732
28 37
809 21
915 1163
441 750
402 407
150 116
958 1004
722 3
84 359
609 823
516 840
11 73
386 1142
875 539
219 349
3 1163
278 739
200 1
217 163
160 2
38 650
606 379
198 52
2 74
294 1111
10 208
1064 148
157 60
1020 14
585 212
426 203
302 386
452 1084
68 801
868 639
492 234
133 228
2 114
119 154
322 103
663 438
43 809
511 19
985 664
1109 1011
1057 136
282 1119
302 247
35 23
360 346
52 403
129 9
92 319
890 847
893 29
487 41
830 289
967 970
778 183
313 359
112 706
79 705
282 70
291 14
785 11
282 849
258 66
598 808
618 840
35 2
315 308
364 669
543 1010
430 293
395 567
508 832
513 21
151 320
55 696
1015 330
450 98
65 236
422 1063
221 376
227 15
395 533
4 43
1146 1063
475 897
3 280
172 745
300 594
546 568
325 630
620 805
408 1097
774 3
914 297
96 221
1054 131
640 403
125 523
1086 173
401 23
198 110
1092 70
795 1132
268 651
286 5
600 423
404 13
75 24
1164 954
206 969
69 556
647 884
11 90
986 411
1094 5
352 1006
1053 225
105 72
748 388
186 56
651 1036
205 632
339 215
641 411
1021 281
427 514
768 129
165 743
294 304
377 23
119 414
834 1019
238 73
28 1
244 403
536 187
391 783
430 551
843 342
16 22
662 463
321 127
354 114
46 243
278 118
345 816
12 0
806 157
749 468
872 37
437 464
831 470
67 194
484 215
1100 220
331 585
303 35
1081 139
625 47
35 1148
1104 1028
152 23
71 250
857 703
259 779
90 1023
416 424
117 761
855 224
384 805
306 41
774 123
133 49
90 535
153 324
920 620
145 398
175 45
1080 57
1105 830
68 839
45 689
408 791
16 178
717 74
495 206
879 310
328 609
1139 1036
999 1067
820 616
740 189
317 74
452 22
117 362
19 275
8 42
4 128
256 176
1030 120
14 40
79 481
217 650
3 357
117 149
715 73
50 49
7 121
711 171
654 994
7 1131
172 35
831 889
95 428
305 22
458 139
294 138
871 27
716 379
302 707
1109 6
130 11
1137 279
794 836
93 94
1096 103
221 289
892 366
341 590
722 24
927 215
268 344
104 43
58 161
60 505
326 970
516 720
971 198
562 340
763 1154
504 418
110 1033
957 1126
643 74
903 836
300 961
147 112
109 41
879 167
61 555
3 48
703 876
290 129
3 229
767 291
193 1
11 7
35 557
641 220
766 787
368 249
657 74
327 440
146 165
125 631
821 440
1129 1131
770 507
900 323
3 234
2 318
75 123
488 440
109 509
732 552
867 1124
533 91
384 928
223 763
173 40
22 5
7 1122
30 82
1157 3
91 699
107 463
177 3
190 469
1 366
764 284
633 354
79 881
145 99
692 451
334 635
50 1025
226 574
471 665
247 66
112 568
437 1050
28 985
185 120
811 88
127 612
223 108
119 224
268 1139
406 18
1068 362
11 213
3 353
429 2
1055 4
304 945
518 74
271 393
374 410
356 674
1030 5
223 1154
989 29
396 741
3 960
447 208
298 567
740 700
77 33
789 569
418 775
390 94
340 991
399 246
91 982
244 198
529 26
801 1136
10 1018
334 1106
466 85
529 21
381 247
315 238
764 677
929 76
402 22
351 240
582 158
751 163
197 171
2 29
446 263
3 812
69 216
2 443
64 348
918 102
65 1044
957 609
482 992
1137 799
61 94
22 98
933 1111
813 696
20 468
782 1118
60 9
377 124
553 978
697 284
1062 107
150 818
339 895
1023 583
516 574
54 344
142 3
411 220
28 30
309 74
883 1140
67 952
1100 986
2 293
608 1112
1058 497
205 1161
201 689
648 167
112 76
537 36
712 155
55 158
1082 560
1082 1049
1031 88
205 1103
972 21
762 747
100 14
571 94
24 742
150 86
541 1136
1064 21
99 57
11 212
246 934
256 933
406 476
189 734
525 167
63 739
610 2
294 1125
648 1
172 617
79 539
573 285
190 139
122 52
831 171
69 1152
382 2
11 494
924 224
18 36
610 538
528 41
308 73
328 467
207 327
211 598
465 5
4 3
1046 17
91 288
573 57
912 202
520 453
3 587
169 1
24 350
455 348
231 1091
116 86
291 1166
1117 1
46 547
459 2
952 144
35 1091
589 726
312 690
1003 689
7 249
412 971
782 194
326 587
540 360
1089 889
1035 403
304 661
399 517
22 1149
2 62
256 304
358 33
396 226
445 423
647 771
28 456
773 925
164 78
1007 225
558 1008
227 3
450 1033
75 179
174 687
1070 145
76 293
546 856
8 66
70 94
328 870
4 326
112 1130
294 933
731 351
340 158
46 762
803 281
433 1032
235 7
151 1069
546 937
67 496
408 743
684 69
124 888
24 1076
52 119
570 76
1012 29
325 723
591 493
12 996
900 852
797 60
629 254
601 1083
311 757
279 522
405 17
537 195
38 392
3 472
35 435
920 1024
260 314
819 3
336 492
83 22
210 58
15 48
412 926
532 403
838 1002
145 41
358 18
724 444
500 351
797 3
135 318
248 201
290 768
153 393
561 1127
877 555
591 78
2 799
922 552
577 10
1089 470
136 36
919 191
79 635
147 2
1042 165
347 592
44 9
16 1127
963 202
382 775
1054 29
115 612
494 695
723 941
1021 385
335 14
189 7
3 17
4 2
931 966
1 21
1125 1134
3 539
89 1027
856 937
1129 444
70 1098
478 501
433 59
442 253
20 1152
861 214
604 504
3 216
676 41
972 26
161 5
721 70
365 51
401 863
23 1048
20 860
1055 53
1013 516
393 631
824 262
812 29
199 2
1001 716
1141 796
1003 552
251 224
1031 1162
656 329
1073 952
10 594
622 36
34 103
156 35
152 103
564 848
432 666
507 682
35 369
478 679
1153 649
339 420
810 964
112 551
1070 99
200 21
488 327
75 87
11 121
561 2
768 773
216 728
629 727
813 406
850 2
3 84
531 154
23 435
921 82
605 245
581 817
1026 460
1157 240
854 215
326 660
42 2
264 300
7 265
862 419
610 884
252 1102
125 1069
866 974
138 661
1062 3
1004 39
332 35
39 2
1081 73
94 1045
67 339
638 230
864 857
451 326
948 40
176 664
38 689
580 977
255 247
800 48
280 493
995 607
996 556
380 74
108 717
565 90
633 114
31 29
89 614
42 223
15 882
7 428
226 149
69 753
742 179
688 823
483 119
499 22
629 1009
51 149
356 394
1054 106
147 943
40 1019
122 16
16 969
303 111
399 800
578 94
272 86
422 410
618 226
3 936
777 192
643 380
11 180
134 60
483 224
3 621
3 542
626 905
140 449
291 714
588 225
511 858
7 1047
3 174
312 2
702 3
76 639
134 129
500 731
725 327
416 89
63 418
841 541
160 534
93 571
34 112
58 5
253 818
279 1014
1101 52
574 995
887 1057
282 795
154 414
248 273
569 380
1108 557
141 179
10 674
524 291
309 657
781 304
7 724
16 2
222 10
670 99
93 246
79 15
10 1102
55 873
2 0
914 29
709 403
1105 221
19 746
16 561
8 642
860 3
61 718
274 31
179 784
412 640
24 287
15 862
1123 1067
11 903
1001 79
409 953
2 410
976 757
550 543
129 157
684 216
286 1
389 480
361 386
92 3
262 203
614 424
88 180
589 677
391 100
471 3
566 48
252 170
27 175
73 139
584 107
244 766
719 497
644 994
10 170
70 431
1020 683
554 222
184 731
264 10
1107 672
0 869
142 451
205 149
11 238
541 1039
223 74
10 935
295 609
1037 440
381 1151
173 506
6 17
1056 775
260 1059
191 786
752 2
490 452
604 636
223 717
279 1108
1043 641
827 489
7 606
1005 33
1053 166
151 38
735 85
374 2
604 942
865 94
991 941
6 26
125 273
744 327
184 3
446 37
745 35
347 66
837 655
172 156
1038 201
381 258
131 29
97 23
951 905
656 558
419 917
181 49
15 234
955 22
600 761
243 547
569 108
34 102
283 746
395 91
1101 955
650 713
588 6
835 603
233 21
620 743
723 736
64 1
565 1095
239 762
259 220
613 536
1078 325
138 30
97 102
883 592
25 261
503 2
51 116
306 183
408 1000
332 23
7 136
174 229
11 106
845 237
194 392
276 155
932 1068
417 305
3 519
708 65
254 107
613 1029
1132 718
473 86
325 1090
75 1077
40 1088
602 21
719 1058
268 129
165 825
255 880
1065 99
68 1060
676 57
79 123
79 1106
692 326
1092 721
20 2
1150 849
40 203
28 572
421 247
8 880
298 498
713 751
608 309
391 615
34 143
7 287
846 558
335 203
226 607
305 402
55 237
122 219
148 192
626 372
548 449
174 107
298 333
947 948
11 470
141 444
45 616
69 2
105 187
1074 350
291 1088
363 848
887 33
151 271
12 936
22 57
42 309
437 111
630 158
3 6
596 3
19 1006
619 706
993 464
719 1156
96 1067
629 463
341 371
323 615
929 2
38 194
954 1040
631 482
524 40
793 0
14 758
35 935
3 434
642 309
531 414
852 441
3 753
622 681
923 253
190 593
369 2
23 443
48 419
81 224
405 166
14 683
400 52
1086 14
93 839
24 329
215 45
791 1022
255 29
919 179
325 736
502 700
649 1124
79 851
772 677
827 74
251 52
13 415
1146 429
129 977
364 103
73 372
20 313
51 373
7 1071
842 2
63 374
462 885
425 182
2 32
784 350
90 1045
847 1022
168 233
893 31
974 285
184 494
484 1034
112 907
311 281
441 291
114 757
114 844
298 576
663 420
1149 41
15 3
3 123
770 826
278 636
16 1061
911 418
813 1147
109 906
439 5
3 74
50 267
871 413
274 893
760 654
193 644
811 61
206 1061
902 695
135 131
833 542
18 49
457 188
490 99
10 300
997 792
701 634
2 281
3 204
767 714
471 26
176 294
345 474
979 147
408 1024
452 710
644 64
611 363
67 927
454 209
940 183
702 627
138 1125
125 45
190 372
63 19
1015 448
857 254
484 530
476 527
320 694
805 743
151 220
916 138
263 102
112 639
319 310
685 162
304 754
247 835
387 913
916 294
1047 36
15 88
819 565
646 329
11 94
4 587
478 265
189 931
348 14
980 389
101 156
570 112
623 53
287 978
396 149
77 628
816 1158
912 956
776 750
593 372
12 196
471 21
54 954
297 29
647 842
811 959
264 208
254 960
181 207
521 544
1103 998
247 885
802 568
112 802
301 45
680 94
8 31
14 427
749 317
685 61
106 29
164 3
79 461
500 494
49 449
1085 791
3 49
624 40
243 40
263 10
596 463
532 709
691 597
6 1159
437 964
207 49
619 103
946 903
10 956
878 2
904 854
550 434
51 538
874 1
325 237
774 898
821 207
256 138
4 909
114 118
437 993
1144 632
91 567
512 82
726 81
346 257
327 1037
344 651
370 207
647 2
345 11
352 668
484 575
553 485
1078 1087
236 208
164 292
181 56
354 281
756 81
101 10
1138 1117
976 844
349 1061
893 989
75 444
1104 409
88 61
92 127
541 68
847 1110
471 729
451 660
454 658
1096 218
384 140
853 572
543 460
75 379
1130 545
7 3
75 1129
1165 6
688 2
795 70
472 460
353 1007
477 284
1115 398
519 472
487 755
2 276
772 949
1066 1007
886 388
8 930
508 459
130 865
52 154
789 479
535 94
151 523
1009 703
75 939
55 18
586 53
133 140
1009 1113
1052 135
67 1118
740 990
817 2
459 1155
205 338
87 368
42 74
190 73
83 507
7 413
117 338
999 17
96 999
219 495
114 281
521 1079
337 299
268 17
477 22
1029 53
6 225
1116 2
384 228
299 35
112 2
10 2
1000 847
778 41
52 709
701 20
199 236
2 1044
597 322
413 595
510 931
14 25
566 390
244 1051
756 22
686 990
193 64
912 10
52 306
712 213
1160 2
605 486
762 547
10 872
230 759
845 560
197 675
22 407
145 285
443 1048
894 524
169 143
516 226
10 209
340 1090
71 738
55 1147
289 17
207 440
469 372
3 965
14 277
3 347
767 40
20 69
237 560
646 287
11 474
824 899
305 407
499 99
940 1059
445 632
54 1046
389 1143
406 1147
910 154
223 2
101 23
478 7
129 344
946 794
50 18
675 272
211 836
581 2
89 1032
210 5
178 306
504 636
109 22
506 132
502 686
138 512
412 1035
265 786
550 1010
600 226
545 868
719 824
58 242
189 595
1094 982
894 40
931 686
215 420
776 14
337 245
133 796
721 431
134 806
454 35
8 1112
129 505
680 759
3 90
507 826
370 163
325 158
1039 780
999 1123
1085 1110
997 400
21 729
864 703
1084 99
79 627
283 502
457 240
185 896
274 2
1143 530
1139 859
55 267
652 909
80 162
8 748
673 3
80 48
780 70
378 808
3 44
590 324
792 224
280 78
431 94
376 830
103 342
510 686
328 295
138 988
968 23
45 798
189 502
115 321
187 426
833 296
51 86
298 465
1114 365
52 81
361 603
857 876
89 424
698 225
255 357
76 430
153 694
3 78
566 94
260 183
3 898
515 962
1122 724
518 930
22 288
235 36
230 383
27 33
807 486
42 643
1093 230
189 283
88 419
445 549
777 254
874 168
713 163
23 645
187 497
186 207
1042 847
715 965
1038 125
673 466
24 485
2 1155
201 411
1107 200
104 21
3 687
861 822
369 1148
1043 411
357 29
38 878
54 1164
853 963
958 32
1145 17
242 678
763 2
23 617
886 2
890 408
250 738
67 782
921 30
299 111
1153 188
24 1008
4 1138
741 998
151 732
119 284
602 1
122 355
134 659
93 737
21 204
103 453
7 1002
215 1128
814 21
332 435
837 32
471 1159
8 74
528 398
78 196
302 66
662 107
987 737
185 32
12 793
83 41
1158 704
63 1056
35 10
51 473
681 235
239 46
332 968
1109 1165
292 280
247 258
3 939
950 352
363 135
16 34
6 366
390 48
1121 45
23 257
555 94
219 206
697 949
15 666
324 259
138 754
332 645
545 765
328 1126
93 934
564 106
184 649
48 917
475 209
50 1141
943 937
144 215
83 682
983 209
189 700
679 179
950 511
268 1040
117 19
290 268
425 1027
832 31
384 944
202 10
154 224
1050 1072
659 129
689 330
361 707
387 482
76 545
205 423
246 571
352 272
975 875
655 2
674 790
1156 899
843 856
1114 159
3 649
897 209
83 305
226 362
226 423
382 374
16 355
11 902
336 234
278 671
361 302
294 781
11 240
88 48
309 489
252 2
151 922
795 718
825 49
28 263
1013 149
515 1
61 70
307 576
322 669
719 262
230 704
908 486
634 728
846 329
399 1079
266 37
968 435
46 683
747 547
3 1026
820 215
67 215
984 183
226 720
201 779
918 143
201 798
932 253
58 678
1166 1088
804 102
197 470
58 32
525 182
298 5
52 98
488 725
820 854
254 463
938 34
730 11
345 759
301 616
408 146
1135 865
939 123
14 132
981 292
601 560
248 125
2 159
404 8
49 873
581 896
686 966
765 639
665 204
47 312
323 783
35 1028
513 250
1099 106
584 254
1087 723
1116 551
554 199
564 131
327 815
335 758
50 140
699 22
577 209
56 2
1080 509
79 3
99 41
263 804
24 3
28 64
49 163
378 794
787 110
50 195
727 703
520 2
291 947
1145 653
311 114
11 155
975 3
942 278
210 439
1017 137
91 498
763 74
744 163
788 522
852 750
138 945
442 373
189 966
321 424
670 285
1150 795
1011 366
549 1144
12 869
46 40
109 2
198 403
50 582
