46 20
54 2
52 3
24 32
40 18
12 18
3 60
54 14
5 30
11 43
11 30
5 55
4 23
51 12
49 31
0 10
2 12
39 2
26 9
5 20
6 21
11 3
5 8
4 13
11 57
2 48
51 27
53 3
56 3
7 3
17 48
5 23
47 31
2 34
11 52
44 15
45 9
9 17
26 22
34 15
50 7
9 44
10 1
18 59
45 58
9 2
19 37
19 34
0 6
9 3
19 2
9 35
0 40
5 33
3 14
28 3
46 7
21 1
3 43
2 3
24 29
27 12
2 15
12 60
38 41
8 32
5 3
6 2
39 42
58 16
19 9
35 15
13 3
11 4
35 3
0 42
33 3
7 2
36 38
56 50
23 8
5 57
11 28
5 61
42 40
14 15
37 34
55 2
2 27
36 2
2 16
49 3
53 35
22 29
9 16
0 18
0 3
57 61
40 59
4 47
0 41
