39 34
6 29
11 55
40 2
20 2
4 27
28 15
18 1
55 36
13 32
39 18
24 32
33 43
10 56
54 14
24 13
57 47
35 1
5 19
22 13
5 46
5 10
10 24
10 13
44 1
4 14
2 12
20 41
8 13
26 9
5 51
52 30
38 2
5 14
42 13
5 8
5 36
7 1
5 9
35 30
7 3
20 53
53 12
5 31
9 27
10 22
4 28
0 4
8 37
51 3
5 40
21 16
24 49
0 31
10 48
4 9
19 2
0 5
12 1
0 47
18 34
25 20
21 1
50 49
4 38
33 12
44 3
5 2
5 54
45 24
56 13
7 17
11 4
5 15
24 48
0 1
19 40
25 12
46 4
10 8
7 2
52 35
5 57
0 37
50 32
4 6
1 34
11 26
17 18
4 15
42 24
2 16
41 43
5 4
2 29
19 7
45 13
0 3
23 18
23 30
