39 34
28 14
4 24
50 28
38 48
25 2
9 12
4 22
10 41
57 47
46 6
28 30
50 31
27 15
25 34
5 19
25 15
55 13
7 12
4 23
51 12
26 4
52 43
56 55
5 56
46 58
47 30
4 49
7 15
10 21
10 26
11 24
5 51
5 20
33 14
5 14
54 27
13 2
20 23
5 11
5 9
4 29
54 34
5 1
25 27
10 42
6 32
10 6
19 38
4 52
29 31
4 28
19 14
4 8
11 36
6 35
9 44
10 35
8 38
4 43
36 18
4 2
10 4
21 58
9 18
13 1
50 57
8 1
37 15
25 39
45 4
25 37
5 7
53 51
5 53
7 17
13 3
11 4
0 1
41 32
42 43
22 15
4 6
5 6
17 16
55 17
2 16
28 29
19 1
40 29
33 49
0 2
36 44
4 7
40 28
0 3
4 48
45 28
27 34
4 47
