161 205
41 31
221 84
116 155
91 30
49 153
122 113
174 261
246 44
48 141
11 224
6 23
234 97
190 206
8 96
12 0
22 96
67 78
60 169
90 24
261 27
14 37
216 19
66 0
247 87
47 58
228 76
77 23
2 39
106 114
7 44
172 36
148 44
92 30
54 201
6 121
238 289
76 113
3 39
272 265
61 274
133 193
89 122
228 113
254 120
80 33
11 163
8 94
89 31
21 158
147 73
58 221
14 19
7 267
173 42
245 40
105 277
6 64
0 284
0 273
63 139
55 182
277 23
17 32
73 80
147 210
222 263
18 149
39 204
229 239
6 248
231 96
37 88
66 243
0 145
33 145
174 35
266 40
11 132
75 48
254 41
52 233
133 119
6 58
137 31
220 31
84 144
136 121
53 262
58 0
114 162
0 28
99 86
48 177
20 17
0 165
43 153
4 82
0 212
9 203
230 24
16 262
44 38
68 232
215 68
172 33
112 99
58 84
17 167
8 81
8 247
80 257
27 96
73 276
234 17
155 96
225 196
129 7
8 287
19 42
120 190
0 140
265 81
0 25
237 6
8 7
58 144
237 121
249 56
33 288
52 258
14 43
112 212
0 22
13 6
248 36
142 82
133 8
0 27
252 269
119 193
243 74
74 95
9 260
22 25
45 126
9 217
52 120
6 39
180 103
92 91
36 23
39 162
7 62
109 8
0 93
135 198
10 278
142 166
113 220
111 0
2 34
150 140
204 28
14 68
4 33
8 22
161 88
69 72
240 24
253 17
222 80
12 22
233 30
6 0
72 186
264 31
169 38
191 79
199 177
200 0
142 33
62 0
52 241
151 58
276 222
64 98
134 19
40 282
209 126
249 83
9 197
244 62
8 32
211 178
109 265
14 85
107 156
173 61
50 201
229 222
200 144
165 150
90 233
129 62
63 31
226 94
19 143
152 16
17 214
7 108
9 94
105 23
92 264
68 42
118 31
8 119
155 27
104 34
45 40
170 113
33 86
41 260
219 149
15 28
239 257
58 259
164 27
164 35
8 198
110 268
251 41
78 37
65 0
6 136
252 40
0 84
170 137
40 17
7 287
55 37
52 24
8 242
17 85
74 146
13 0
18 32
6 159
11 100
140 158
235 222
10 0
174 0
197 67
215 19
217 140
51 270
3 1
283 95
250 14
141 24
271 281
33 38
0 86
14 180
72 6
6 181
52 30
9 183
219 18
252 184
109 272
65 33
136 64
59 100
9 270
221 259
6 273
53 284
182 17
48 17
230 55
9 139
61 285
49 20
175 48
13 192
9 22
148 8
14 18
45 184
185 32
146 283
242 27
9 206
73 263
70 29
149 32
127 68
20 85
10 280
240 30
256 281
123 21
115 285
103 43
268 146
74 87
12 189
238 62
172 23
76 57
0 146
51 101
14 108
48 275
196 38
187 20
69 186
50 1
100 224
9 57
183 101
114 104
253 20
236 29
107 213
45 269
1 0
7 38
246 38
19 18
189 25
256 54
279 184
168 29
4 154
9 202
72 159
39 201
105 194
9 118
69 36
9 41
109 0
56 59
52 41
209 17
209 266
6 105
132 100
19 32
8 66
119 275
18 97
2 218
52 67
282 32
3 26
27 95
236 286
216 227
41 30
76 122
9 12
8 227
271 201
231 27
45 178
138 160
48 119
161 167
179 221
176 280
41 202
90 52
106 28
251 171
73 117
102 43
210 160
70 177
8 125
50 54
181 0
52 55
123 158
9 7
238 244
68 19
67 223
14 46
89 57
11 157
9 195
176 7
93 27
54 3
255 207
142 288
41 241
126 40
33 166
11 194
187 17
116 27
179 84
63 203
67 37
130 83
226 220
163 100
37 223
151 6
171 41
91 41
9 67
73 0
175 70
250 46
9 14
44 213
9 31
192 181
162 34
59 157
11 23
252 279
42 208
111 33
14 102
42 232
109 81
67 55
12 101
47 207
128 22
17 149
188 33
115 42
47 0
175 199
9 171
7 46
60 44
245 32
130 4
4 38
75 286
71 1
98 36
191 77
50 71
110 95
209 214
11 105
255 6
134 8
188 225
79 154
14 7
229 235
8 70
128 25
117 138
117 33
205 167
63 41
4 267
12 25
11 59
289 278
16 195
90 30
241 258
14 274
173 208
4 142
127 42
156 44
141 168
10 7
133 48
2 26
69 64
211 17
106 15
179 144
123 150
72 36
152 0
185 143
135 87
81 213
0 44
20 102
3 218
52 9
7 217
125 19
