89 180
6 117
54 146
11 253
164 114
64 0
210 45
1 87
64 22
126 39
129 132
187 23
99 85
255 261
52 127
4 54
2 84
16 28
67 78
219 93
90 24
7 157
189 123
47 94
249 0
175 149
22 193
9 182
118 274
278 37
84 74
53 283
183 159
68 93
170 169
6 121
256 19
26 140
131 153
92 23
52 163
120 29
66 166
39 100
53 20
89 122
5 18
161 16
16 204
14 61
26 286
91 18
5 233
249 17
165 223
79 223
269 146
1 30
17 82
20 283
62 23
279 38
7 60
237 262
69 0
265 156
105 63
89 282
63 16
22 85
14 179
128 63
7 35
8 258
71 72
204 286
199 180
186 267
236 104
55 57
25 26
10 81
1 77
7 39
58 17
3 259
275 44
79 260
172 184
239 232
19 26
51 1
9 34
92 254
5 195
13 231
68 113
7 208
102 268
186 146
104 132
245 224
122 21
14 23
20 27
62 157
152 25
116 121
228 153
12 97
7 23
11 0
0 32
147 0
44 38
24 201
7 42
197 169
107 45
10 103
117 268
210 182
4 206
106 86
19 101
29 160
10 97
209 98
1 43
114 6
98 93
10 40
125 79
48 1
1 27
220 38
185 0
54 137
5 88
186 54
160 159
148 245
73 56
1 25
90 41
51 78
48 87
49 47
211 45
51 0
103 284
121 212
196 288
0 22
49 106
5 56
112 149
173 125
117 203
222 88
229 84
76 23
1 124
48 247
120 246
47 150
236 39
20 23
130 27
191 31
65 77
1 265
6 190
250 81
106 145
242 58
63 213
2 113
20 261
255 1
278 159
91 1
2 166
14 39
9 45
4 0
29 285
14 104
69 206
122 180
204 26
52 7
254 14
76 79
56 68
1 222
170 57
230 41
181 18
0 43
173 165
53 23
127 62
15 259
52 241
281 35
12 118
81 32
67 0
128 19
263 140
105 19
52 29
7 163
234 267
56 113
116 144
7 28
0 95
1 257
227 261
109 192
228 27
7 198
133 251
114 117
2 123
54 234
115 154
111 24
114 203
162 214
14 171
7 136
7 119
126 224
54 282
151 155
1 158
215 54
237 1
6 194
73 2
56 288
25 263
50 29
7 77
62 208
130 20
152 217
51 59
63 207
161 46
47 20
250 202
110 33
6 34
1 59
118 235
255 227
99 80
197 205
56 93
6 24
136 126
19 213
73 226
273 30
54 168
69 147
290 26
0 232
0 82
185 244
164 6
66 190
109 70
46 26
244 193
141 24
20 38
272 63
20 79
1 177
125 165
134 246
90 238
9 24
225 30
189 274
6 201
45 182
5 1
219 97
40 81
54 21
52 53
216 229
110 211
197 0
61 23
26 28
25 96
19 88
40 103
5 32
174 115
244 0
8 4
47 261
156 144
20 177
7 214
1 273
52 20
192 3
251 273
199 137
247 1
148 39
175 55
103 81
264 281
252 153
52 176
120 241
96 31
165 79
63 277
69 109
88 158
23 157
4 3
13 1
150 94
19 207
50 1
215 270
69 11
151 20
155 154
10 80
75 1
10 284
42 28
129 104
75 21
234 146
45 248
205 17
221 31
61 104
122 146
181 58
264 183
134 29
49 94
69 70
128 42
45 143
240 20
177 29
9 41
185 64
114 102
14 129
41 34
136 23
15 95
124 212
94 86
116 124
39 167
23 38
40 287
52 208
3 0
132 100
12 98
15 0
256 63
235 98
276 20
77 162
112 197
42 102
47 48
270 146
200 1
289 281
179 26
0 21
52 276
1 141
110 1
7 290
179 31
226 196
80 85
4 21
1 198
1 285
61 39
1 94
252 1
90 6
125 38
138 143
233 232
279 1
230 238
151 53
140 31
50 142
9 33
49 1
122 139
247 266
39 23
0 271
216 73
14 191
289 35
253 147
111 280
182 24
131 38
113 196
217 221
225 17
3 258
169 17
202 32
50 60
116 184
139 168
20 260
178 77
243 53
48 266
65 7
5 40
209 118
188 162
122 137
47 1
35 29
272 19
37 35
71 242
271 95
215 21
5 0
227 27
52 187
152 31
176 243
19 277
126 167
51 200
131 262
264 29
42 194
5 82
7 29
72 17
215 269
0 218
56 2
13 107
14 7
101 88
216 74
19 16
174 53
124 156
4 218
119 42
237 220
133 18
275 257
60 142
52 240
188 178
240 53
125 223
133 91
70 3
22 99
54 199
185 22
9 248
3 95
171 31
239 195
114 172
231 138
22 32
9 280
103 287
145 86
