0 69
16 85
69 85
0 56
16 56
0 46
0 80
46 98
80 98
16 46
16 62
46 62
46 87
62 87
7 16
3 7
3 54
7 54
7 93
54 93
3 67
23 67
7 23
1 37
34 37
34 75
37 75
34 76
34 96
76 96
71 76
63 71
63 89
71 89
71 94
90 94
89 90
63 72
63 84
72 84
71 72
37 63
4 34
1 92
86 92
8 86
1 61
49 61
45 49
38 45
8 82
48 82
38 48
38 81
48 81
1 39
1 74
60 74
39 60
32 39
32 65
39 65
30 32
22 51
30 70
51 70
8 58
22 58
4 19
8 19
8 47
19 78
47 78
4 25
4 73
25 73
14 77
25 77
8 91
14 91
3 97
53 97
9 83
68 83
53 88
68 88
4 9
4 44
4 57
44 95
59 95
44 66
59 66
44 64
59 64
57 59
57 79
59 79
9 44
4 21
4 27
21 27
4 33
26 33
4 31
26 36
31 36
21 43
21 50
43 50
26 43
9 35
21 41
35 41
4 55
12 55
4 29
4 42
4 52
42 52
29 42
12 29
4 18
12 18
12 40
18 40
9 28
12 28
9 24
12 24
4 10
4 17
10 20
17 20
9 10
3 15
13 15
11 13
6 11
5 6
4 5
1 2
2 0