452 0
132 215
12 426
87 1
580 259
364 310
90 544
213 80
28 522
252 394
6 23
85 33
18 428
487 283
92 55
266 462
490 57
457 95
179 415
295 428
32 579
479 120
288 9
97 556
565 74
294 60
109 158
101 25
217 33
567 25
4 472
274 169
341 15
372 289
18 226
221 530
174 191
85 240
44 21
361 422
545 86
227 248
419 148
15 116
113 154
225 234
185 331
122 38
537 496
184 33
318 88
30 1
315 158
90 467
50 359
500 230
250 480
338 43
62 420
550 359
81 47
8 107
2 438
223 379
227 38
240 369
90 33
116 407
406 160
469 178
105 167
30 0
473 0
267 143
441 352
218 43
57 206
213 120
97 76
535 74
50 370
520 224
18 424
576 534
48 455
316 0
447 265
44 383
124 18
141 202
426 468
16 202
77 79
578 275
2 315
50 219
0 165
2 0
170 341
64 212
16 262
274 346
80 527
343 11
519 70
104 88
396 283
409 31
25 33
72 0
476 573
151 205
140 0
443 88
309 212
166 495
182 371
363 45
64 444
222 538
51 283
107 540
2 388
559 435
141 33
164 453
77 418
73 43
73 461
48 162
17 373
577 29
425 0
16 352
26 121
361 268
412 7
12 4
244 581
71 511
564 88
321 258
121 23
70 23
133 178
73 59
361 212
488 53
448 108
477 429
246 491
113 0
16 66
450 439
391 251
6 375
6 148
255 1
239 401
324 35
53 194
90 365
2 31
122 507
397 403
252 435
5 41
188 226
99 251
335 123
101 79
40 175
432 0
493 167
75 7
276 156
12 152
79 374
58 21
30 224
93 375
81 32
58 546
12 288
574 573
243 424
92 231
0 257
266 51
60 0
70 102
12 561
174 531
319 15
73 18
391 271
52 87
535 91
309 480
134 1
485 1
264 238
136 20
505 222
78 35
402 325
61 586
344 232
400 169
106 456
286 356
328 5
336 240
387 399
38 416
177 118
56 200
99 0
476 318
2 55
151 0
60 190
1 165
383 143
209 196
71 266
2 106
356 169
174 101
231 533
89 403
233 60
417 349
384 123
179 16
462 283
91 263
66 350
192 454
97 223
404 60
176 43
494 583
16 422
354 323
210 548
12 339
6 458
116 88
65 0
268 108
6 34
416 80
151 84
163 137
91 267
7 287
201 238
30 163
93 499
109 515
171 80
61 150
6 9
122 495
105 224
126 124
4 102
10 100
77 491
122 351
268 509
2 425
142 93
48 6
440 312
48 68
79 394
46 24
132 260
130 32
53 7
50 337
284 38
124 528
40 375
48 515
54 55
239 96
568 392
15 31
313 88
385 6
436 88
555 86
264 415
358 502
2 60
497 33
77 19
108 544
243 161
2 41
402 440
570 123
483 19
140 153
90 108
130 567
250 16
548 516
12 430
170 15
22 325
333 285
370 359
385 490
562 58
274 333
175 245
121 542
512 93
15 265
4 426
256 204
162 55
472 524
529 353
317 193
38 80
0 285
290 457
266 376
334 465
324 82
74 501
250 212
449 289
77 463
500 520
244 25
16 141
211 72
323 238
118 0
521 252
195 455
367 96
230 224
1 0
19 25
411 364
6 532
122 144
12 340
227 319
408 103
321 94
63 131
537 357
42 29
12 514
18 269
83 16
407 318
301 224
242 38
12 582
48 206
4 129
432 190
205 3
557 358
228 194
20 7
170 399
197 88
397 1
518 507
85 86
471 269
62 180
568 189
166 120
197 122
2 432
484 146
201 108
305 497
18 198
433 460
126 277
6 199
337 0
559 252
164 203
475 42
132 127
122 366
179 264
139 23
151 585
482 85
246 463
6 571
128 131
441 64
158 62
464 494
73 187
95 91
91 577
492 152
128 522
217 434
250 360
395 318
421 0
48 458
284 579
244 182
249 301
180 303
376 283
110 390
368 196
90 16
292 7
156 314
42 9
251 271
284 398
528 43
99 30
323 310
395 116
209 118
69 320
472 70
227 15
32 80
387 15
423 372
107 493
6 53
358 449
467 186
380 1
115 378
408 533
172 286
565 29
128 362
128 317
113 249
54 76
135 202
290 587
585 3
69 54
50 295
174 538
39 547
305 33
187 269
177 208
30 137
63 193
239 451
254 25
12 289
487 381
16 215
136 123
173 558
311 158
450 277
256 326
434 330
154 0
209 251
69 55
32 47
553 540
252 79
12 451
427 456
0 540
18 386
191 483
28 1
345 573
299 369
391 118
290 460
111 60
12 42
265 88
447 116
21 261
351 204
276 547
479 518
91 74
235 31
300 257
73 39
334 285
466 527
73 198
124 549
278 120
477 177
175 259
47 94
6 488
124 498
354 411
571 420
58 29
64 509
260 234
77 349
246 77
4 510
93 344
176 302
244 371
367 255
144 166
18 549
187 59
541 85
2 155
6 62
4 1
339 289
334 523
117 82
40 7
175 45
108 33
104 31
358 289
172 356
263 29
203 133
237 29
239 4
471 281
6 35
241 27
580 40
469 133
320 503
484 6
582 129
529 80
2 18
58 433
16 149
10 49
228 569
138 39
492 42
18 160
168 526
326 122
58 558
557 449
2 148
172 496
505 25
38 171
128 63
539 312
543 296
18 43
452 172
50 111
6 287
14 2
382 149
247 503
360 470
268 33
162 76
55 247
336 86
506 240
393 572
12 26
132 306
378 118
356 346
38 204
482 253
564 265
83 38
58 335
110 13
327 137
445 31
251 118
79 25
376 462
27 100
220 31
270 534
38 15
228 7
85 545
19 530
19 33
115 429
588 228
286 169
210 2
516 155
26 542
249 413
20 40
300 539
73 508
20 0
552 93
6 114
63 11
170 227
92 112
578 60
142 232
135 33
9 13
124 302
124 145
133 13
48 311
354 364
221 222
435 481
111 329
42 372
563 509
73 161
216 99
6 70
56 5
246 79
566 21
304 181
85 555
81 25
12 70
111 297
521 79
412 75
465 504
255 0
32 398
235 278
119 60
118 271
108 415
308 314
252 374
332 77
110 178
20 261
227 242
269 198
459 342
252 481
170 293
227 293
217 437
421 15
473 99
147 100
93 157
508 161
60 297
484 13
200 159
18 15
10 153
9 98
34 78
182 581
274 357
110 9
16 543
345 574
12 110
274 0
192 35
68 206
66 86
8 0
517 55
83 15
210 464
201 310
270 38
298 355
506 541
151 17
389 11
10 117
77 33
50 2
475 29
377 388
566 42
4 560
6 168
560 70
274 400
406 145
406 226
73 438
162 214
57 532
401 96
75 40
182 81
90 296
268 563
0 586
305 437
4 524
525 405
9 245
569 194
282 161
233 2
453 23
142 499
156 39
207 196
588 194
225 127
40 45
490 6
90 141
301 413
50 275
48 57
396 27
16 220
119 125
111 219
575 30
57 420
229 127
11 273
128 181
124 439
198 281
332 258
2 306
254 418
186 33
107 0
151 2
52 24
12 96
217 417
348 303
203 110
4 446
500 224
562 21
504 1
170 387
69 247
435 79
40 93
307 302
151 373
293 88
168 9
345 116
14 112
10 27
280 152
134 105
152 340
45 98
451 551
63 317
221 531
115 0
199 512
512 552
299 25
305 217
519 4
48 379
433 279
150 7
40 142
93 7
91 272
252 101
365 37
148 62
433 457
308 218
59 43
237 123
95 587
339 514
95 279
147 36
45 21
60 432
393 0
73 338
16 296
44 29
439 386
32 466
276 377
513 485
58 272
58 460
176 124
103 446
363 175
466 80
498 160
128 193
20 536
246 474
2 132
0 553
430 316
444 352
152 289
427 276
313 293
207 118
291 214
550 18
177 0
1 169
6 266
584 59
195 76
328 84
124 43
554 16
65 511
2 431
138 218
11 131
18 282
46 392
240 86
2 355
6 157
114 23
576 88
188 145
2 62
32 353
236 0
229 431
233 119
528 549
270 88
298 294
384 570
64 108
40 526
174 25
334 380
252 442
3 0
170 88
461 59
535 546
12 121
30 118
307 176
12 423
34 241
513 165
33 350
36 49
50 0
239 510
316 340
334 572
58 95
113 137
99 196
109 183
427 106
104 409
459 33
404 297
248 534
445 443
1 285
351 366
338 59
162 291
28 362
122 204
575 137
79 442
105 230
79 474
105 1
173 501
67 29
262 108
401 551
22 1
384 58
58 74
79 19
583 155
6 419
298 60
250 64
18 277
16 127
130 83
130 299
290 95
50 60
463 418
90 382
7 536
146 9
113 30
12 502
561 468
208 368
173 74
517 556
52 189
16 37
66 369
280 236
3 17
85 66
2 159
24 211
377 438
2 183
184 253
60 125
248 38
256 436
111 410
294 2
91 143
342 19
220 155
414 139
89 273
288 110
77 405
160 386
292 331
414 121
185 454
506 369
148 348
42 0
26 23
30 327
243 198
216 196
345 476
329 410
174 222
554 470
67 20
105 301
525 330
343 24
6 55
584 18
186 448
21 143
48 214
51 381
382 16
63 304
152 0
523 1
109 2
309 470
390 23
389 131
329 275
