0 1
0 2
1 3
1 5
2 7
2 25
2 32
2 33
2 42
2 66
2 100
2 138
2 150
2 231
2 245
2 260
2 278
2 315
2 323
2 382
3 9
4 11
4 14
4 25
4 34
4 39
4 46
4 61
4 116
4 134
4 209
4 212
4 303
4 377
5 14
6 7
6 12
8 10
8 12
8 57
9 17
10 18
11 13
11 35
13 28
13 30
13 72
13 78
13 88
13 129
15 43
15 44
15 57
15 59
15 103
15 121
15 261
15 262
15 265
15 292
15 311
15 338
16 24
16 94
16 100
17 38
17 154
17 181
17 354
18 49
19 178
19 230
19 318
20 80
20 354
21 26
21 27
21 80
22 41
22 92
23 35
23 110
24 69
26 29
26 50
26 96
26 101
26 102
26 125
26 141
26 183
26 258
26 391
27 47
28 36
29 33
30 41
30 53
30 113
30 153
31 76
31 204
32 42
32 100
32 150
32 210
32 231
32 237
32 289
32 308
32 331
32 349
32 367
32 369
32 376
32 381
32 382
33 52
33 58
33 96
34 250
34 341
34 365
34 389
36 43
36 79
37 149
37 212
38 202
39 70
40 81
40 87
40 88
40 103
40 189
40 314
41 53
41 251
41 301
41 328
41 364
44 62
45 72
45 83
45 97
45 108
45 132
45 267
46 249
47 73
47 75
47 93
47 124
47 139
47 158
47 160
47 186
47 191
47 194
47 200
47 214
47 246
47 248
47 264
47 275
47 279
47 285
47 287
47 288
47 322
47 366
47 378
47 384
47 398
48 83
48 293
49 55
50 60
51 59
51 81
51 126
51 130
51 177
51 208
51 385
52 131
54 71
54 318
55 144
55 319
56 64
56 76
58 120
60 123
60 135
60 258
61 66
62 104
62 111
62 151
62 306
63 74
63 314
64 111
64 155
64 184
64 225
64 232
64 244
64 336
64 340
64 346
64 372
64 390
65 86
65 188
65 197
67 175
67 186
68 86
68 94
68 176
68 203
68 247
68 254
68 297
68 335
69 250
70 238
71 84
73 123
73 172
73 186
73 200
73 207
73 211
73 218
73 223
73 246
73 263
73 294
73 298
73 307
73 330
73 337
73 358
73 378
73 388
73 396
74 130
75 115
75 119
75 248
75 320
77 243
77 249
77 257
78 215
79 163
82 182
82 252
82 319
83 95
83 146
83 161
83 185
83 196
83 206
83 300
83 343
83 356
83 395
84 105
85 87
85 90
89 104
89 140
89 277
89 317
90 286
90 309
91 99
91 224
92 204
93 166
95 146
96 101
96 193
97 108
97 240
97 267
97 326
97 333
98 168
98 312
99 140
99 173
99 277
99 296
100 109
100 138
100 157
100 278
102 154
102 271
104 221
105 137
105 178
105 180
105 269
105 371
106 179
106 216
107 215
107 256
109 236
110 143
111 118
111 147
111 225
111 242
111 244
111 304
111 394
112 137
112 281
113 301
114 170
114 234
115 169
116 128
117 153
117 178
117 291
118 151
119 186
119 239
119 324
120 139
121 325
122 202
122 222
122 283
124 160
124 211
125 361
126 148
127 185
127 265
128 245
129 163
131 227
131 290
132 145
133 144
133 234
134 164
134 209
134 238
134 303
134 313
134 360
134 389
135 141
136 137
136 178
136 255
136 280
136 281
136 321
136 370
137 180
137 280
137 321
141 258
142 357
142 358
143 182
145 198
146 196
146 206
146 208
146 356
147 339
148 292
149 282
149 363
151 184
151 304
151 348
152 167
152 293
154 181
154 271
155 165
156 213
156 241
156 360
157 329
158 396
159 199
159 288
161 219
161 235
161 259
161 368
162 218
162 324
164 241
165 225
166 207
166 233
166 263
166 295
166 298
166 322
166 362
167 189
168 176
169 272
170 359
171 172
171 217
173 192
174 222
174 283
175 229
175 276
177 386
178 215
178 291
179 191
180 251
180 269
180 370
183 290
186 332
186 379
187 220
187 236
188 210
190 197
190 237
192 306
193 227
194 388
195 232
195 346
198 333
199 361
200 264
201 247
201 352
203 308
205 328
205 345
205 351
207 217
212 282
212 397
213 341
214 246
215 345
216 253
219 286
220 260
221 244
222 354
222 391
223 226
224 270
224 296
224 310
224 387
225 302
225 336
225 348
226 332
228 344
228 349
229 276
229 334
230 364
232 394
233 298
235 259
235 368
235 386
237 297
239 294
240 267
242 340
243 257
243 323
252 359
253 307
254 274
254 349
254 381
255 327
256 351
261 262
262 266
262 300
262 338
264 375
264 380
264 393
266 311
268 270
268 316
272 287
272 299
273 316
273 317
274 342
275 330
275 373
279 350
279 399
282 289
284 347
284 383
285 350
287 299
287 399
295 398
296 310
296 387
298 362
302 355
305 315
305 377
309 343
312 331
313 365
320 334
325 326
327 371
329 367
332 375
335 369
337 380
337 392
339 390
342 376
344 352
347 393
353 373
353 384
355 372
357 366
363 397
374 380
374 392
379 383
385 395
