0 1
0 2
1 3
1 4
2 3
2 24
2 29
2 40
2 41
2 46
2 65
4 7
4 20
5 9
5 35
6 14
6 35
7 11
8 32
8 38
9 63
10 12
10 48
11 19
12 16
13 23
13 25
13 46
13 59
14 15
15 21
16 29
16 52
16 65
17 26
17 47
17 55
17 57
17 58
17 66
18 28
18 31
19 22
19 26
19 30
20 59
21 33
21 37
21 43
21 45
22 44
23 25
23 42
23 51
24 41
27 31
27 33
28 50
30 54
30 55
31 36
32 48
33 36
33 43
33 45
33 60
33 69
34 42
34 51
34 68
37 39
37 60
38 53
39 61
40 63
41 52
44 57
47 50
49 54
49 55
53 68
54 55
55 62
56 58
56 66
58 64
61 69
62 64
62 67
64 67
