0 1
0 2
1 3
1 4
2 15
2 17
2 33
2 42
2 45
2 58
2 61
2 74
2 76
2 93
2 142
3 6
4 5
4 58
5 7
6 76
7 9
8 9
8 11
8 74
9 20
9 24
9 36
9 77
10 12
10 13
11 26
11 27
12 108
13 19
13 24
13 32
13 46
13 57
13 81
13 141
14 19
14 56
15 17
15 38
15 40
15 51
15 53
15 73
15 90
15 95
15 100
15 105
15 108
15 125
15 131
15 134
15 139
16 37
16 109
17 36
17 42
17 68
17 75
17 93
17 142
17 145
18 22
18 25
18 34
19 23
19 28
19 32
19 39
19 41
19 46
19 66
19 82
19 112
19 141
20 91
21 61
21 96
21 147
22 23
23 111
23 136
23 144
25 50
26 31
26 40
26 51
26 53
26 54
26 72
26 97
26 118
26 137
27 37
28 35
28 62
28 83
29 72
29 118
30 33
30 68
31 49
31 137
32 79
32 80
32 86
32 94
32 111
32 128
32 129
34 69
35 62
38 53
38 64
38 71
38 78
38 87
38 103
39 46
40 43
40 44
40 51
40 54
40 73
40 99
40 123
41 82
41 86
41 124
41 126
41 140
43 127
44 89
45 75
47 116
47 144
48 52
48 53
48 78
49 103
50 82
51 53
51 59
51 73
51 95
51 149
52 90
53 64
53 95
54 114
55 66
55 136
56 77
57 63
59 88
60 96
60 147
62 79
62 83
62 104
62 122
63 85
65 84
65 112
67 85
67 94
69 116
70 94
70 115
71 87
72 137
73 99
73 100
73 101
73 113
73 123
73 127
79 80
79 94
79 111
79 128
79 129
80 98
81 83
82 92
82 120
82 126
82 146
83 104
83 122
83 130
83 132
84 140
87 90
87 102
87 107
88 100
89 114
90 131
90 138
91 106
92 117
92 143
94 128
96 145
97 105
98 129
99 101
99 148
99 149
100 134
102 107
104 121
104 130
104 132
106 109
106 110
107 135
109 110
113 139
115 119
117 120
117 146
119 128
121 132
124 126
124 133
124 143
125 134
126 133
126 143
127 148
128 129
131 135
131 138
