0 1
0 2
1 3
1 4
2 9
2 11
2 12
2 15
2 21
2 37
2 39
2 46
2 49
3 10
4 5
4 9
5 6
6 8
7 13
7 20
8 13
8 16
8 18
8 24
8 28
8 35
8 50
8 59
8 61
9 12
9 22
9 82
10 46
11 47
13 17
13 18
13 25
13 27
13 30
13 35
13 43
13 50
13 57
13 61
13 62
13 66
13 79
13 83
14 19
14 34
15 21
15 22
15 39
16 32
17 27
17 32
17 45
17 71
17 77
19 23
19 36
19 48
19 54
20 26
23 29
23 30
23 42
24 40
25 89
26 65
28 51
29 30
29 42
30 72
31 37
31 65
32 45
32 76
33 49
33 57
34 62
34 67
36 68
38 66
38 72
40 44
40 69
41 58
41 77
43 59
44 63
45 75
45 84
47 78
48 54
48 56
48 63
51 86
52 71
52 89
53 56
53 73
55 60
55 80
55 81
58 74
58 75
60 76
62 87
64 82
64 88
67 85
68 79
69 73
70 83
70 86
74 75
78 88
80 81
80 84
85 87
