0 1
0 2
1 3
1 4
2 49
2 59
2 78
2 127
2 447
2 469
3 6
4 14
4 17
4 25
4 69
4 94
4 124
4 132
4 192
4 196
4 390
4 452
5 7
5 28
6 15
7 323
8 13
8 25
8 27
8 32
8 71
8 371
9 16
9 23
9 41
9 74
9 265
10 12
10 38
11 18
11 20
12 14
13 42
15 22
15 67
15 68
15 88
15 128
15 130
15 137
15 180
15 187
15 230
15 283
15 304
15 426
16 23
17 48
17 69
17 77
17 94
17 100
17 132
17 141
17 171
17 212
17 246
17 333
17 358
17 366
17 422
17 443
17 476
18 327
19 27
19 54
19 114
19 135
19 179
19 201
19 211
19 225
19 235
19 254
19 323
19 365
19 402
19 410
19 446
20 21
21 55
22 31
23 38
23 46
24 77
24 124
26 59
26 495
28 44
29 101
29 352
29 400
30 371
30 435
31 66
32 44
32 45
32 61
32 111
32 142
32 368
32 424
33 49
33 76
33 84
34 138
34 189
34 435
35 110
35 385
36 39
36 46
36 60
36 73
36 149
37 50
37 55
38 191
39 73
40 60
40 62
40 85
40 92
41 56
41 309
41 367
41 373
41 406
41 471
42 318
43 57
43 146
45 57
45 61
45 97
45 116
45 324
45 394
45 451
45 489
47 53
47 161
47 190
47 213
47 270
47 293
47 423
48 94
50 153
50 280
50 402
51 53
51 70
51 91
51 149
51 174
51 317
51 404
52 102
52 108
54 89
55 65
55 166
55 277
56 63
58 93
58 120
58 187
58 285
62 161
62 241
62 354
62 461
62 487
63 74
64 125
64 253
64 290
64 325
64 364
64 385
64 482
65 86
65 115
65 140
65 169
65 214
65 260
65 410
66 301
67 283
68 88
68 107
68 180
68 204
68 239
68 298
68 335
68 479
70 354
71 136
72 155
72 347
73 87
73 117
73 224
73 237
73 262
73 337
75 78
75 104
75 117
75 227
75 266
75 281
76 137
79 90
79 104
79 310
79 336
79 351
79 467
80 86
80 115
80 197
80 218
81 119
81 144
82 215
82 324
83 116
83 152
83 185
83 368
83 489
84 109
85 90
87 224
89 129
89 189
89 350
90 106
90 186
90 195
90 222
90 238
90 255
90 262
90 268
90 331
90 342
91 396
92 170
93 164
94 100
94 419
94 422
95 121
95 138
95 199
96 106
96 486
97 497
98 105
98 448
99 246
99 290
99 411
99 482
100 105
100 141
100 163
100 208
100 259
100 282
100 358
100 382
100 390
100 415
100 419
100 448
100 468
101 103
102 173
103 442
105 163
107 118
107 158
107 216
107 405
108 115
109 177
109 242
109 296
110 400
110 442
111 146
111 160
111 394
111 424
112 248
112 418
113 246
113 411
114 135
114 221
114 277
114 365
114 410
118 123
119 195
120 216
121 129
122 153
122 384
122 413
123 147
125 364
126 217
126 222
126 268
126 326
126 432
127 203
128 130
128 157
128 398
128 440
129 176
129 264
129 378
129 445
131 312
131 317
133 156
133 177
133 303
134 249
134 300
134 346
134 498
136 339
137 239
139 155
139 287
139 293
139 357
139 417
140 188
141 251
141 449
141 463
141 474
142 150
143 166
143 181
143 269
143 291
143 338
143 369
143 427
143 454
144 168
145 176
145 264
147 158
147 202
147 332
148 252
148 492
149 174
149 404
150 275
151 250
151 356
151 418
151 453
151 487
152 165
154 389
154 426
156 157
156 296
156 303
156 355
156 436
156 494
158 298
158 304
159 206
159 396
160 451
161 314
161 349
161 372
162 182
162 427
163 171
163 183
164 301
165 210
165 234
165 470
166 181
166 291
166 338
166 403
166 454
166 457
166 465
167 175
167 251
168 237
169 384
170 266
172 310
172 337
173 466
175 288
175 334
175 377
177 494
178 314
178 433
178 490
179 374
180 204
180 341
180 353
182 231
183 245
183 288
183 334
183 382
183 408
183 449
183 478
184 190
184 200
185 492
186 393
186 412
188 456
190 200
191 302
192 196
192 208
193 331
193 430
194 258
194 272
195 351
197 198
197 428
197 455
197 459
198 308
199 240
199 392
199 425
200 312
201 244
202 332
203 227
205 348
205 414
205 421
206 429
207 210
207 275
207 460
207 470
209 234
209 322
210 275
211 403
212 259
212 359
213 376
214 236
214 346
214 401
215 232
215 399
215 481
217 305
218 249
219 223
219 225
220 359
220 476
221 299
223 235
224 237
225 235
225 319
225 485
226 247
226 349
226 433
227 370
227 469
228 253
228 290
229 326
229 336
229 488
230 257
231 235
232 284
232 321
232 399
232 477
233 255
233 262
235 289
235 294
236 300
238 286
240 378
241 315
242 444
243 245
243 267
244 464
247 274
248 313
250 263
252 497
254 308
254 428
254 455
254 459
256 387
256 407
257 341
258 328
260 299
261 284
261 311
263 387
264 381
264 383
264 392
264 475
265 273
266 281
267 334
268 305
268 388
268 393
269 278
270 357
271 358
271 363
272 395
273 328
273 471
273 472
273 480
274 372
276 316
276 460
278 465
278 493
279 343
279 391
279 461
280 459
282 333
283 285
286 412
287 439
287 483
289 294
290 325
292 381
292 425
292 450
294 375
295 297
295 375
297 319
298 335
300 329
300 360
300 401
302 373
305 326
305 362
306 331
306 342
307 321
307 339
309 328
309 367
309 473
310 337
311 477
311 481
313 347
314 433
315 423
316 322
318 352
320 446
320 456
327 495
328 480
329 360
330 472
330 480
331 342
332 496
334 463
340 373
340 406
341 353
341 416
341 462
343 345
343 407
344 353
344 416
345 391
348 440
350 450
353 462
355 398
356 439
357 417
358 415
360 498
361 420
361 493
362 488
363 386
364 482
366 434
369 458
370 447
373 406
374 409
376 491
377 408
379 380
379 388
380 432
381 392
383 445
384 438
386 415
389 479
392 475
395 484
397 474
397 499
398 436
405 496
409 485
413 437
414 421
414 431
418 453
418 483
420 458
429 491
430 490
431 444
434 468
437 438
441 454
441 457
443 452
464 466
467 486
473 484
478 499
