0 1
0 2
1 3
1 4
2 3
2 5
2 6
2 7
2 11
2 12
2 16
2 25
2 34
2 44
2 69
2 73
2 75
2 78
2 84
2 88
2 89
2 90
2 94
2 96
2 103
2 111
2 113
2 120
2 126
2 130
2 141
2 148
2 159
2 161
2 163
2 188
2 194
4 5
4 8
4 10
4 11
4 23
6 27
6 32
7 20
8 28
9 19
9 28
9 49
10 30
12 13
13 14
13 36
13 51
13 54
13 56
13 57
13 79
13 82
13 98
13 100
13 168
14 62
15 88
15 172
16 89
17 25
17 34
17 39
17 59
17 60
17 71
17 72
17 91
17 92
17 97
17 107
17 108
17 128
17 132
17 154
17 155
17 156
17 161
17 176
17 188
17 193
18 37
18 199
19 24
19 82
20 50
21 30
21 44
21 50
21 74
21 95
21 101
21 122
21 145
21 184
22 30
22 32
23 112
24 100
24 115
26 66
26 75
26 128
26 199
27 41
29 127
29 145
30 32
30 61
30 77
31 38
31 64
32 47
32 85
32 86
32 160
32 173
33 71
33 92
34 39
34 59
34 70
34 92
34 118
34 123
34 129
34 132
34 140
34 164
34 166
34 170
34 191
35 52
35 142
36 42
36 110
37 52
38 54
38 163
40 60
40 121
40 142
40 153
40 154
40 185
41 65
41 99
41 106
41 183
42 49
43 46
43 58
45 123
45 125
45 191
46 74
47 101
47 116
47 119
47 133
47 137
48 91
48 192
51 76
51 110
53 57
53 80
55 65
55 106
55 146
56 159
58 147
61 173
62 68
62 109
62 138
62 197
63 104
63 114
64 135
65 81
65 93
65 116
65 131
65 181
66 196
67 79
67 111
68 76
68 100
68 186
68 189
69 104
70 112
72 130
73 94
73 96
73 103
73 111
73 174
73 178
77 85
77 160
78 175
80 195
81 167
83 135
83 168
84 178
86 184
87 93
87 167
87 171
87 181
89 156
90 105
90 134
90 157
90 175
94 117
94 143
95 105
97 125
98 179
99 137
100 115
102 109
102 138
104 165
105 122
105 152
105 194
107 118
107 166
107 170
107 198
108 198
109 151
109 169
111 117
111 178
113 179
114 180
114 190
119 131
119 139
119 144
119 171
119 177
120 152
121 128
122 148
124 143
124 174
126 127
128 150
128 192
129 140
129 166
133 139
134 136
134 147
136 157
139 144
139 162
139 171
141 187
146 149
149 183
150 185
151 169
151 189
153 182
155 161
158 187
158 193
161 190
162 177
164 176
165 180
172 195
182 196
186 197
