0 1
0 2
1 3
1 4
2 3
2 9
2 10
2 13
2 14
2 17
2 44
2 53
2 55
2 65
2 67
2 71
4 5
4 9
5 46
6 12
6 16
6 46
7 12
7 27
8 27
8 35
8 42
8 74
9 25
9 26
9 43
9 49
10 17
11 30
11 38
13 23
13 40
13 48
14 18
15 34
15 41
15 54
16 36
17 26
17 37
17 44
17 45
17 51
17 53
17 63
17 65
17 66
17 71
17 77
18 32
19 29
19 34
19 35
20 22
20 24
20 26
20 63
21 28
21 36
21 47
21 59
21 60
22 25
23 62
24 26
26 37
26 49
26 50
26 53
26 69
28 36
28 39
28 42
28 47
28 52
28 58
28 70
29 61
30 41
31 33
31 69
32 57
32 64
33 53
34 61
34 68
34 78
36 47
36 79
38 48
39 52
40 57
43 72
45 51
45 56
45 72
45 73
50 77
51 73
52 59
52 70
54 68
55 64
56 73
58 74
60 76
62 67
63 66
68 75
75 78
76 79
