0 1
0 2
1 3
1 4
2 15
2 17
2 32
2 54
2 74
3 6
4 5
4 23
5 7
6 17
7 14
8 10
8 46
9 12
9 25
10 11
11 38
12 46
13 19
13 20
13 48
13 49
13 51
13 54
13 55
13 62
13 68
13 77
13 81
13 85
14 33
15 19
15 23
15 24
15 28
15 29
15 30
15 53
15 89
15 91
16 57
16 99
18 20
18 44
19 26
19 27
19 41
19 42
19 50
19 65
19 70
21 32
21 53
22 39
22 72
23 28
23 43
24 30
25 36
26 40
26 57
27 45
29 34
30 37
30 56
31 39
31 41
31 50
31 72
31 76
32 34
32 53
32 61
33 47
34 61
34 63
34 89
35 44
35 83
36 65
36 78
36 88
37 91
38 47
39 41
39 60
40 49
41 50
41 52
41 71
41 76
41 86
41 96
41 98
42 77
43 56
45 64
45 69
45 73
45 79
45 90
48 68
50 71
50 84
50 96
50 98
51 59
51 60
51 68
51 85
51 87
52 96
53 63
55 87
58 74
58 99
59 68
62 75
64 69
64 73
64 90
64 93
64 94
65 78
66 79
66 94
67 82
67 92
70 82
73 75
73 80
73 90
77 97
78 88
80 90
81 97
82 83
82 92
83 92
83 95
84 86
90 93
92 95
