0 1
0 2
1 3
1 44
2 3
2 5
2 14
2 27
2 33
2 36
2 57
2 88
2 144
2 153
2 200
2 248
4 7
4 44
4 240
5 16
6 12
6 24
7 8
8 32
8 71
8 132
8 237
9 22
9 29
9 60
10 12
10 15
11 24
11 39
13 14
13 19
15 76
16 30
17 22
17 27
17 35
17 46
17 54
17 56
17 58
17 88
17 119
17 134
17 200
17 210
17 221
18 19
18 26
20 42
20 50
21 29
21 41
23 81
23 112
23 172
25 53
25 75
26 59
28 31
28 194
30 68
31 153
32 49
32 71
32 145
32 160
32 227
32 237
32 264
33 35
34 36
34 43
34 45
34 48
34 66
34 73
34 80
34 98
34 126
34 133
34 143
34 149
34 154
34 163
34 191
34 192
34 243
34 249
34 254
34 273
36 110
36 255
37 59
37 65
38 43
38 55
39 77
40 49
40 77
40 132
40 180
41 67
41 68
41 263
42 80
45 66
45 90
45 115
45 129
45 198
45 249
45 260
45 269
45 273
46 58
47 74
47 83
47 123
47 139
47 163
47 171
47 208
47 231
47 242
47 251
47 253
47 272
47 295
48 57
50 52
50 136
51 184
51 211
51 242
52 54
53 103
53 140
53 283
55 90
56 61
58 119
58 182
60 97
61 141
62 86
62 94
62 105
62 140
62 151
62 173
62 213
62 247
63 148
63 197
64 161
64 259
65 106
65 150
65 188
67 168
68 122
68 209
68 212
69 136
69 189
70 94
70 108
72 143
72 218
73 143
73 182
73 202
73 218
73 275
74 260
75 135
75 246
76 101
77 79
77 167
77 237
78 127
78 281
79 180
79 227
79 264
81 281
82 83
82 92
82 138
82 185
82 196
82 204
82 226
82 265
82 276
83 90
83 91
83 92
83 164
83 171
83 190
83 225
83 245
83 262
83 292
83 296
84 119
84 254
84 268
84 282
85 228
85 240
86 112
87 118
87 142
89 137
89 292
90 107
90 131
90 165
90 170
90 193
90 224
90 243
91 234
92 138
92 147
92 204
92 234
92 279
92 297
93 98
93 125
94 103
94 105
94 124
94 173
94 178
94 247
94 278
95 104
95 293
96 106
96 121
96 220
97 175
99 115
99 192
99 199
100 155
100 175
100 217
101 158
102 219
102 226
102 297
104 267
105 108
105 151
105 173
105 215
105 223
107 114
107 131
107 214
107 289
109 129
109 230
110 211
111 144
111 148
111 174
111 232
111 271
113 116
113 134
114 224
116 134
116 176
117 133
117 275
118 205
119 120
119 136
119 183
119 252
119 268
120 252
121 186
122 159
122 263
122 294
123 198
124 173
124 267
125 201
126 193
127 248
128 172
128 235
128 238
129 131
130 135
130 187
131 165
131 214
131 224
131 230
131 284
134 266
135 228
137 184
139 152
139 171
139 177
139 185
139 251
141 220
141 256
141 261
142 265
145 236
146 167
146 236
147 164
148 174
148 176
148 232
148 266
149 183
150 222
152 203
154 269
155 277
156 245
156 272
157 187
157 246
158 166
159 299
160 227
161 217
161 280
162 171
162 208
166 259
168 241
169 223
169 283
170 225
171 250
173 213
177 250
178 215
178 287
179 284
179 289
180 227
181 202
181 288
182 202
182 218
182 288
186 244
188 195
189 257
190 205
190 231
191 192
192 291
194 235
195 222
195 239
195 256
195 261
196 206
197 232
199 291
201 285
203 296
206 290
207 286
207 299
209 216
210 244
212 241
212 294
215 287
216 229
219 279
221 257
222 239
222 298
227 264
229 286
232 233
233 271
235 238
252 270
253 258
255 295
256 298
258 276
262 290
268 274
270 274
277 280
278 293
279 297
282 285
