2 141
201 350
478 100
170 103
4 27
298 558
424 534
72 116
471 419
300 360
419 118
77 81
386 438
289 353
300 518
58 400
385 207
564 101
278 144
429 143
434 155
6 137
459 538
209 78
6 386
151 330
75 200
474 540
91 273
404 124
38 287
580 552
185 287
4 499
569 141
137 269
266 261
329 29
6 370
572 383
18 31
109 158
4 58
12 3
139 41
578 21
201 561
10 38
51 120
554 154
358 503
92 530
58 28
504 62
163 35
6 1
170 79
491 80
39 346
568 434
418 371
408 319
256 258
239 275
3 190
259 542
233 169
14 251
51 80
119 483
81 11
397 4
50 167
327 178
203 139
173 565
16 321
107 337
406 330
75 219
450 373
4 447
117 459
63 446
239 533
6 410
490 139
154 245
351 555
151 96
195 13
9 15
12 422
15 123
138 13
14 94
6 140
14 263
382 576
4 414
343 36
20 357
5 3
193 201
360 487
20 86
107 70
111 58
447 193
39 19
374 230
49 98
309 84
531 277
444 159
339 499
525 526
10 538
244 240
48 556
560 238
183 263
376 51
510 340
466 192
58 411
136 35
237 462
0 277
323 127
315 175
9 579
225 83
393 193
2 0
4 247
54 129
40 178
377 21
551 198
476 180
227 264
295 364
71 46
10 30
60 360
301 62
197 365
44 459
6 127
4 289
11 9
399 488
2 253
92 314
404 498
4 377
73 57
8 162
10 174
50 301
277 527
389 134
484 221
75 552
417 366
10 572
24 64
166 495
559 210
128 365
14 426
276 149
512 27
196 82
103 5
552 200
4 194
293 310
103 79
60 24
249 480
262 265
256 4
6 481
3 355
2 457
474 344
180 100
124 442
488 53
210 490
352 214
230 401
122 262
500 286
4 113
10 44
14 72
466 27
10 46
9 66
187 162
297 180
36 152
73 453
364 224
317 340
470 149
8 239
109 27
571 17
414 188
438 145
53 407
226 27
6 0
83 370
152 143
284 308
153 108
56 192
311 131
266 28
359 25
18 324
569 108
292 445
71 8
358 183
230 511
391 512
525 45
331 204
376 167
95 577
52 101
412 231
142 251
142 91
482 183
22 15
423 191
103 541
28 316
4 106
6 542
344 540
87 234
383 27
18 414
71 546
408 148
60 190
339 70
18 485
176 18
146 53
457 3
519 3
439 272
559 479
54 28
336 83
52 202
53 573
119 413
197 255
541 288
10 383
296 41
69 18
49 257
248 119
185 497
432 417
10 25
221 392
4 279
562 61
8 198
476 41
313 99
407 74
381 88
526 19
513 44
6 9
131 118
90 156
46 394
3 41
231 232
42 97
150 85
326 449
406 368
2 102
242 144
225 149
207 265
3 338
248 135
412 439
430 434
61 313
42 299
147 34
18 310
361 36
452 91
543 137
2 157
4 304
8 41
557 550
4 398
22 9
305 28
483 509
4 28
396 448
506 441
18 106
124 366
235 448
531 0
46 308
9 285
529 454
443 23
77 84
200 460
6 535
236 342
387 323
87 47
77 110
9 514
4 70
164 492
317 516
306 129
147 520
192 359
215 171
506 534
130 53
132 106
223 78
71 295
402 143
9 186
235 165
51 53
230 200
4 532
254 54
270 3
189 362
465 89
205 91
185 420
2 83
397 122
239 551
41 547
92 213
4 213
4 271
561 267
109 44
34 1
8 431
281 145
471 272
539 468
120 206
30 208
4 324
570 138
260 149
118 281
46 286
8 246
4 24
147 303
61 263
151 3
57 181
345 303
290 375
60 532
292 101
26 3
120 80
140 481
328 574
464 9
4 378
576 574
10 208
10 312
61 99
253 125
360 434
3 155
4 96
489 64
30 247
130 3
349 297
14 527
122 327
128 273
557 53
134 212
284 351
335 547
53 62
163 104
421 25
95 114
169 353
14 116
83 125
467 288
60 487
467 48
14 366
280 184
140 118
32 25
6 149
412 9
219 460
4 570
187 63
329 89
513 226
126 79
22 168
504 53
131 549
63 230
90 199
99 263
53 120
3 368
193 330
268 83
342 224
315 333
554 21
4 43
523 103
71 286
89 29
311 140
104 35
275 198
124 82
102 33
125 348
52 14
334 141
6 145
22 285
477 242
92 409
391 27
4 416
164 38
426 537
336 149
292 333
4 294
464 118
217 40
476 297
6 2
1 283
514 438
256 40
50 62
437 228
134 204
8 31
2 268
278 98
135 355
254 28
3 497
8 415
10 429
158 27
276 83
252 455
44 158
106 21
4 7
85 29
61 159
6 76
109 575
170 173
185 577
566 165
4 379
11 15
264 21
18 194
115 290
176 485
291 19
250 20
430 155
46 236
6 94
189 68
3 141
326 103
112 405
225 33
6 302
65 82
4 241
4 516
36 536
322 537
274 17
235 396
207 220
63 437
448 84
479 139
473 352
118 436
151 267
200 446
393 267
58 29
95 451
69 40
64 509
580 200
2 68
171 458
309 448
367 468
363 198
14 269
515 359
45 449
199 5
292 315
548 53
491 206
19 369
14 482
73 143
519 141
387 127
284 394
97 163
325 76
10 320
4 493
92 164
478 180
4 29
133 49
81 0
270 7
184 472
2 43
124 257
106 398
4 89
6 344
14 61
6 98
135 413
101 202
159 544
6 438
331 520
297 41
484 558
252 114
562 323
6 49
380 201
253 348
42 505
4 35
81 84
2 362
298 176
395 96
128 4
266 96
118 232
99 127
124 211
307 218
61 127
111 305
8 533
36 41
7 35
50 407
280 415
437 446
63 162
83 149
246 415
122 177
92 480
276 470
164 222
3 35
58 563
445 315
525 19
237 200
328 226
151 463
119 489
363 567
60 430
127 444
63 228
548 573
4 188
127 544
34 17
242 82
341 59
384 148
95 420
250 403
147 17
372 84
99 358
0 108
16 84
110 11
12 248
67 100
6 260
233 279
50 3
113 18
284 25
317 267
478 373
521 40
349 335
384 319
300 155
399 301
382 574
113 528
14 367
250 456
44 27
186 123
122 217
92 95
4 104
151 261
117 27
75 18
177 178
441 424
433 222
243 57
126 45
149 259
61 175
422 530
47 39
111 4
117 524
455 95
363 41
92 458
522 271
92 241
4 528
321 140
45 234
36 198
161 356
250 501
302 259
517 442
294 505
10 555
389 212
105 32
385 262
4 0
14 292
6 212
411 112
18 59
61 323
141 153
251 545
105 78
131 84
52 6
9 386
319 148
252 314
331 502
2 274
337 26
144 98
134 345
119 24
46 25
140 131
2 474
85 89
564 175
307 8
75 59
10 117
105 209
250 293
63 219
367 183
205 142
37 357
518 190
52 282
403 507
548 62
305 316
92 38
161 86
117 226
539 127
103 288
4 6
10 409
122 207
111 379
63 341
34 204
347 495
211 137
115 28
435 543
166 41
472 139
215 114
20 403
453 536
221 529
254 115
290 563
22 123
4 380
87 88
128 416
261 96
71 500
18 501
14 127
0 346
183 496
388 3
455 114
63 461
2 306
402 429
165 549
244 122
469 156
432 269
55 428
2 125
92 433
494 350
18 188
328 524
6 65
67 180
168 9
119 64
363 36
10 27
92 222
121 59
502 204
56 421
233 289
146 129
370 149
282 269
6 61
486 483
34 571
8 148
515 192
193 390
19 88
36 567
170 565
451 114
124 435
410 149
523 45
335 180
239 46
160 55
450 7
10 243
115 29
390 267
63 560
36 347
10 143
258 194
91 545
223 25
21 454
477 98
169 104
498 211
510 201
235 354
179 195
58 112
427 276
57 3
381 19
41 198
154 86
486 64
124 352
8 342
87 291
216 93
71 25
382 226
388 312
10 492
280 41
427 83
68 157
199 173
231 131
60 135
58 375
18 132
18 21
300 568
6 83
39 369
73 181
136 104
3 0
177 40
334 0
66 15
443 66
272 232
263 503
12 423
296 100
441 165
550 548
452 277
16 165
48 47
122 418
216 227
40 18
575 27
185 38
180 373
173 5
93 356
129 29
374 553
229 11
332 220
395 463
142 277
322 4
304 25
403 456
71 304
219 553
320 312
48 45
69 371
4 26
73 347
437 461
299 3
439 579
4 150
166 318
556 3
53 261
174 287
4 112
332 207
26 70
191 160
308 25
378 37
3 68
12 64
16 424
7 338
372 9
10 92
354 84
42 104
535 259
104 353
266 146
73 343
288 5
6 259
391 117
14 142
220 178
92 422
12 249
60 355
147 6
0 283
109 475
133 214
99 496
425 140
521 4
425 436
493 340
475 27
65 196
246 203
58 405
14 255
38 95
500 546
32 27
42 163
53 74
176 21
253 344
295 224
494 267
465 85
319 121
67 41
229 15
46 224
162 238
4 72
507 456
4 41
219 511
10 57
10 361
45 381
218 431
179 428
71 224
210 184
65 325
4 218
4 267
124 137
127 159
469 19
10 402
235 309
578 18
374 401
18 392
46 275
473 82
566 84
73 318
20 245
228 462
112 400
177 240
69 522
15 23
339 26
517 137
